Time,data
23.381666636,2.5152924060821533
23.431666636,2.7012245655059814
23.481666637,2.89146089553833
23.531666638,3.0876877307891846
23.581666639,3.290712833404541
23.631666639,3.4985709190368652
23.68166664,3.7104623317718506
23.731666641,3.926953077316284
23.781666642,4.146786212921143
23.831666642000002,4.369357585906982
23.881666643,4.594926834106445
23.931666644,4.823301315307617
23.981666645,5.05463171005249
24.031666645,5.284978866577148
24.081666646,5.259624004364014
24.131666647,5.387264728546143
24.181666648,5.497333526611328
24.231666648,5.982641696929932
24.281666649,6.414154529571533
24.33166665,6.802204608917236
24.38166665,7.1579718589782715
24.431666651,7.48710298538208
24.481666652,7.796993732452393
24.531666653,8.09113597869873
24.581666653,8.374122619628906
24.631666654,8.647371292114258
24.681666655,8.91469955444336
24.731666656,9.17662239074707
24.781666656,9.435961723327637
24.831666657,9.690281867980957
24.881666658,9.943761825561523
24.931666659,10.10849666595459
24.981666659,10.12844467163086
25.03166666,10.104374885559082
25.081666661,10.557622909545898
25.131666662,10.946041107177734
25.181666662,11.29910945892334
25.231666663,11.618961334228516
25.281666664,11.91399097442627
25.331666665,12.189168930053711
25.381666665,12.448624610900879
25.431666666,12.696317672729492
25.481666667,12.934710502624512
25.531666668,13.166014671325684
25.581666668,13.391764640808105
25.631666669,13.613255500793457
25.68166667,13.831428527832031
25.731666671,14.047003746032715
25.781666671,14.260431289672852
25.831666672,14.472352981567383
25.881666673,14.682979583740234
25.931666674,14.892383575439453
25.981666674,15.101069450378418
26.031666675,15.309101104736328
26.081666676,15.382430076599121
26.131666677,15.37070369720459
26.181666677,15.494839668273926
26.231666678,15.801025390625
26.281666679,16.073732376098633
26.33166668,16.32073974609375
26.38166668,16.548107147216797
26.431666681,16.760440826416016
26.481666682,16.961454391479492
26.531666683,17.153833389282227
26.581666683,17.339733123779297
26.631666684,17.52068519592285
26.681666685,17.697906494140625
26.731666686,17.87226676940918
26.781666686,18.044450759887695
26.831666687,18.21493911743164
26.881666688,18.3841495513916
26.931666688,18.55233383178711
26.981666689,18.71969223022461
27.03166669,18.886375427246094
27.081666691,19.052501678466797
27.131666691,19.21814727783203
27.181666692,19.383377075195312
27.231666693,19.54823875427246
27.281666694,19.7127628326416
27.331666694,19.876981735229492
27.381666695,20.040910720825195
27.431666696,20.204559326171875
27.481666697,20.367944717407227
27.531666697,20.531068801879883
27.581666698,20.693937301635742
27.631666699,20.856552124023438
27.6816667,21.0189208984375
27.7316667,21.044450759887695
27.781666701,21.025360107421875
27.831666702,21.15397071838379
27.881666703,21.373458862304688
27.931666703,21.569866180419922
27.981666704,21.7488956451416
28.031666705,21.914993286132812
28.081666706,22.071470260620117
28.131666706,22.220792770385742
28.181666707,22.36477279663086
28.231666708,22.5047550201416
28.281666709,22.64173126220703
28.331666709,22.776443481445312
28.38166671,22.909404754638672
28.431666711,23.04096794128418
28.481666712,23.171287536621094
28.531666712,23.30033302307129
28.581666713,23.428192138671875
28.631666714,23.554931640625
28.681666715,23.680479049682617
28.731666715,23.804668426513672
28.781666716,23.92725944519043
28.831666717,24.04802131652832
28.881666718,24.166473388671875
28.931666718,24.281822204589844
28.981666719,24.3937931060791
29.03166672,24.501535415649414
29.081666721,24.603500366210938
29.131666721,24.700923919677734
29.181666722,24.795249938964844
29.231666723,24.887636184692383
29.281666724,24.97885513305664
29.331666724,25.069019317626953
29.381666725,25.15789031982422
29.431666726,25.245155334472656
29.481666726,25.330602645874023
29.531666727,25.414140701293945
29.581666728000002,25.495521545410156
29.631666729,25.57455062866211
29.681666729,25.651323318481445
29.73166673,25.725601196289062
29.781666731,25.79697036743164
29.831666732,25.86532211303711
29.881666732,25.931039810180664
29.931666733,25.99422836303711
29.981666734,26.0554141998291
30.031666735,26.11435317993164
30.081666735,26.169435501098633
30.131666736,26.219200134277344
30.181666737,26.26412010192871
30.231666738,26.30499839782715
30.281666738,26.340177536010742
30.331666739,26.369853973388672
30.38166674,26.40008544921875
30.431666741,26.426362991333008
30.481666741,26.44529914855957
30.531666742,26.460803985595703
30.581666743,26.477022171020508
30.631666744,26.490459442138672
30.681666744,26.49767303466797
30.731666745,26.500038146972656
30.781666746,26.49899673461914
30.831666747,26.49747657775879
30.881666747,26.499061584472656
30.931666748,26.50174903869629
30.981666749,26.50274658203125
31.03166675,26.501394271850586
31.08166675,26.491376876831055
31.131666751,26.43655776977539
31.181666752,26.314565658569336
31.231666753,26.140443801879883
31.281666753,25.932209014892578
31.331666754,25.70712661743164
31.381666755,25.470638275146484
31.431666756,25.20889663696289
31.481666756,24.908775329589844
31.531666757,24.582571029663086
31.581666758,24.245071411132812
31.631666759,23.905508041381836
31.681666759,23.564857482910156
31.73166676,23.241172790527344
31.781666761,22.9229679107666
31.831666762,22.610260009765625
31.881666762000002,22.29652976989746
31.931666763,21.981239318847656
31.981666764,21.71798324584961
32.031666764,21.54570198059082
32.081666765,21.33650779724121
32.131666766,20.924358367919922
32.181666767,20.548152923583984
32.231666767,20.205415725708008
32.281666768,19.911483764648438
32.331666769,19.649425506591797
32.38166677,19.40022850036621
32.43166677,19.157506942749023
32.481666771,18.91201400756836
32.531666772,18.65697479248047
32.581666773,18.37502098083496
32.631666773,18.059450149536133
32.681666774,17.721214294433594
32.731666775,17.371885299682617
32.781666776,17.112703323364258
32.831666776,16.85869789123535
32.881666777,16.394418716430664
32.931666778,15.817753791809082
32.981666779,15.268216133117676
33.031666779,14.741389274597168
33.08166678,14.234452247619629
33.131666781,13.744392395019531
33.181666782,13.270109176635742
33.231666782,12.809050559997559
33.281666783,12.36725902557373
33.331666784,11.959333419799805
33.381666785,11.609894752502441
33.431666785,11.346722602844238
33.481666786,11.22337532043457
33.531666787,11.225744247436523
33.581666788,11.09984016418457
33.631666788,10.591675758361816
33.681666789,10.137688636779785
33.73166679,9.742472648620605
33.781666791,9.403362274169922
33.831666791,9.123220443725586
33.881666792,8.894282341003418
33.931666793,8.712506294250488
33.981666794,8.549201965332031
34.031666794,8.441021919250488
34.081666795,8.307929992675781
34.131666796,8.24657917022705
34.181666797,8.13570499420166
34.231666797,8.100208282470703
34.281666798,8.004075050354004
34.331666799,7.977715969085693
34.3816668,7.889256000518799
34.4316668,7.912125587463379
34.481666801,7.914783954620361
34.531666802,8.040355682373047
34.581666802,8.139042854309082
34.631666803,8.337501525878906
34.681666804,8.479728698730469
34.731666805,8.689265251159668
34.781666805,8.84606647491455
34.831666806,9.051436424255371
34.881666807,9.195719718933105
34.931666808,9.3562650680542
34.981666808,9.447656631469727
35.031666809,9.50893497467041
35.08166681,9.496496200561523
35.131666811,9.473861694335938
35.181666811,9.408121109008789
35.231666812,9.352956771850586
35.281666813,9.27117919921875
35.331666814,9.217649459838867
35.381666814,9.14003849029541
35.431666815,9.098752975463867
35.481666816,9.03026294708252
35.531666817,8.998720169067383
35.581666817,8.93883991241455
35.631666818,8.95566463470459
35.681666819,8.978954315185547
35.73166682,9.076400756835938
35.78166682,9.15896987915039
35.831666821,9.29415512084961
35.881666822,9.407682418823242
35.931666823,9.558897018432617
35.981666823,9.689258575439453
36.031666824,9.832637786865234
36.081666825,9.930136680603027
36.131666826,9.970781326293945
36.181666826,9.938679695129395
36.231666827,9.871910095214844
36.281666828,9.767495155334473
36.331666829,9.65676212310791
36.381666829,9.566424369812012
36.43166683,9.538226127624512
36.481666831,9.523762702941895
36.531666832,9.474050521850586
36.581666832,9.324373245239258
36.631666833,9.133917808532715
36.681666834,8.919896125793457
36.731666835,8.737744331359863
36.781666835,8.508870124816895
36.831666836,8.296858787536621
36.881666837,7.998250961303711
36.931666838,7.762293338775635
36.981666838,7.450019359588623
37.031666839,7.235157012939453
37.08166684,6.940972328186035
37.13166684,6.791826248168945
37.181666841,6.777530670166016
37.231666842,6.628396987915039
37.281666843,5.94985818862915
37.331666843,5.448083400726318
37.381666844,4.909361839294434
37.431666845,4.520183086395264
37.481666846,4.161811351776123
37.531666846,3.86220645904541
37.581666847,3.6403732299804688
37.631666848,3.5089268684387207
37.681666849,3.511277675628662
37.731666849,3.6045291423797607
37.78166685,3.749433994293213
37.831666851,3.9182870388031006
37.881666852,4.104416847229004
37.931666852,4.305614471435547
37.981666853,4.517140865325928
38.031666854,4.731001377105713
38.081666855,4.945735454559326
38.131666855,5.1648712158203125
38.181666856,5.1223297119140625
38.231666857,5.293595790863037
38.281666858,5.306750774383545
38.331666858,5.85805606842041
38.381666859,6.152902603149414
38.43166686,6.579939365386963
38.481666861,6.813640594482422
38.531666861,7.141544342041016
38.581666862,7.289185523986816
38.631666863,7.539711952209473
38.681666864,7.712141990661621
38.731666864,7.9555134773254395
38.781666865,8.148835182189941
38.831666866,8.378602981567383
38.881666867,8.572216987609863
38.931666867,8.782669067382812
38.981666868,8.970096588134766
39.031666869,9.163538932800293
39.08166687,9.29144287109375
39.13166687,9.326812744140625
39.181666871,9.360503196716309
39.231666872,9.87032699584961
39.281666873,10.286368370056152
39.331666873,10.64769458770752
39.381666874,10.96651840209961
39.431666875,11.249979019165039
39.481666876,11.480401039123535
39.531666876,11.688972473144531
39.581666877,11.9636869430542
39.631666878,12.211711883544922
39.681666878,12.439055442810059
39.731666879,12.635862350463867
39.78166688,12.837420463562012
39.831666881,13.01386833190918
39.881666881,13.194652557373047
39.931666882,13.427968978881836
39.981666883,13.64291763305664
40.031666884,13.857342720031738
40.081666884,14.06834888458252
40.131666885,14.279223442077637
40.181666886,14.489240646362305
40.231666887,14.69957160949707
40.281666887,14.909316062927246
40.331666888,15.11860179901123
40.381666889,15.327394485473633
40.43166689,15.357342720031738
40.48166689,15.34563159942627
40.531666891,15.536958694458008
40.581666892,15.836127281188965
40.631666893,16.103302001953125
40.681666893,16.34587287902832
40.731666894,16.569725036621094
40.781666895,16.779314041137695
40.831666896,16.977996826171875
40.881666896,17.168703079223633
40.931666897,17.353181838989258
40.981666898,17.533031463623047
41.031666899,17.709463119506836
41.081666899,17.883268356323242
41.1316669,18.05499267578125
41.181666901,18.225255966186523
41.231666902,18.394302368164062
41.281666902,18.562376022338867
41.331666903,18.72964096069336
41.381666904,18.896299362182617
41.431666905,19.06239128112793
41.481666905,19.227951049804688
41.531666906,19.39308738708496
41.581666907,19.557758331298828
41.631666908,19.72183609008789
41.681666908,19.88541030883789
41.731666909,20.047317504882812
41.78166691,20.206472396850586
41.831666911,20.361736297607422
41.881666911,20.507795333862305
41.931666912,20.639896392822266
41.981666913,20.760456085205078
42.031666914,20.871681213378906
42.081666914,20.97599983215332
42.131666915,21.07291603088379
42.181666916,21.161882400512695
42.231666916,21.24382972717285
42.281666917,21.319189071655273
42.331666918,21.38890266418457
42.381666919,21.454647064208984
42.431666919,21.519067764282227
42.48166692,21.584386825561523
42.531666921,21.652057647705078
42.581666922,21.721643447875977
42.631666922,21.792766571044922
42.681666923,21.86503028869629
42.731666924,21.938175201416016
42.781666925,22.012714385986328
42.831666925,22.089426040649414
42.881666926,22.168176651000977
42.931666927,22.23859977722168
42.981666928,22.239051818847656
43.031666928,22.121864318847656
43.081666929,21.954145431518555
43.13166693,21.800579071044922
43.181666931,21.617216110229492
43.231666931,21.431467056274414
43.281666932,21.151947021484375
43.331666933,20.773611068725586
43.381666934,20.361787796020508
43.431666934,19.94666290283203
43.481666935,19.517852783203125
43.531666936,19.079639434814453
43.581666937,18.64571189880371
43.631666937,18.226787567138672
43.681666938,17.805179595947266
43.731666939,17.46529197692871
43.78166694,17.183177947998047
43.83166694,16.77288055419922
43.881666941,16.18535041809082
43.931666942,15.669252395629883
43.981666943,15.292990684509277
44.031666943,14.991556167602539
44.081666944,14.698700904846191
44.131666945,14.436640739440918
44.181666946,14.206743240356445
44.231666946,14.013533592224121
44.281666947,13.85325813293457
44.331666948,13.735166549682617
44.381666949,13.66655158996582
44.431666949,13.660260200500488
44.48166695,13.687201499938965
44.531666951,13.69064712524414
44.581666951,13.675114631652832
44.631666952,13.641362190246582
44.681666953,13.59080696105957
44.731666954,13.529300689697266
44.781666954,13.454663276672363
44.831666955,13.367328643798828
44.881666956,13.274698257446289
44.931666957,13.183030128479004
44.981666957,13.08858585357666
45.031666958,12.931855201721191
45.081666959,12.702152252197266
45.13166696,12.436269760131836
45.18166696,12.147933959960938
45.231666961,12.017824172973633
45.281666962,11.880327224731445
45.331666963,11.361650466918945
45.381666963,10.789880752563477
45.431666964,10.272136688232422
45.481666965,9.807555198669434
45.531666966,9.386722564697266
45.581666966,9.019289016723633
45.631666967,8.690892219543457
45.681666968,8.417341232299805
45.731666969,8.169303894042969
45.781666969,8.020753860473633
45.83166697,7.861148357391357
45.881666971,7.819613933563232
45.931666972,7.73102331161499
45.981666972,7.733071327209473
46.031666973,7.670456409454346
46.081666974,7.702880382537842
46.131666975,7.665849685668945
46.181666975,7.719841957092285
46.231666976,7.700389385223389
46.281666977,7.767059326171875
46.331666978,7.753698348999023
46.381666978,7.817309379577637
46.431666979,7.798590183258057
46.48166698,7.854849815368652
46.531666981,7.829334735870361
46.581666981,7.8791680335998535
46.631666982,7.847864627838135
46.681666983,7.884250640869141
46.731666984,7.836190223693848
46.781666984,7.858331680297852
46.831666985,7.803724765777588
46.881666986,7.823861598968506
46.931666987,7.767664909362793
46.981666987,7.786011695861816
47.031666988,7.727828502655029
47.081666989,7.752410888671875
47.131666989,7.699923515319824
47.18166699,7.726999759674072
47.231666991,7.677568435668945
47.281666992,7.707539081573486
47.331666992,7.66182804107666
47.381666993,7.696049690246582
47.431666994,7.6484055519104
47.481666995,7.684850215911865
47.531666995,7.641923904418945
47.581666996,7.679217338562012
47.631666997,7.633088111877441
47.681666998,7.670086860656738
47.731666998,7.627583026885986
47.781666999,7.671109199523926
47.831667,7.636592388153076
47.881667001,7.68966817855835
47.931667001,7.663247585296631
47.981667002,7.721687316894531
48.031667003,7.701192855834961
48.081667004,7.7635393142700195
48.131667004,7.749757766723633
48.181667005,7.837099552154541
48.231667006,7.857597351074219
48.281667007,7.917914867401123
48.331667007,7.849152565002441
48.381667008,7.838723182678223
48.431667009,7.742376327514648
48.48166701,7.727755546569824
48.53166701,7.651512145996094
48.581667011,7.65459680557251
48.631667012,7.560793876647949
48.681667013,7.538397312164307
48.731667013,7.42479944229126
48.781667014,7.426965236663818
48.831667015,7.375940799713135
48.881667016,7.450087547302246
48.931667016,7.476881504058838
48.981667017,7.6217265129089355
49.031667018,7.713026523590088
49.081667019,7.901928901672363
49.131667019,7.997862815856934
49.18166702,8.140570640563965
49.231667021,8.188774108886719
49.281667022,8.296582221984863
49.331667022,8.324701309204102
49.381667023,8.40213394165039
49.431667024,8.409289360046387
49.481667025,8.464421272277832
49.531667025,8.45786190032959
49.581667026,8.504940032958984
49.631667027,8.489866256713867
49.681667027,8.528465270996094
49.731667028,8.508938789367676
49.781667029,8.531177520751953
49.83166703,8.50004768371582
49.88166703,8.520697593688965
49.931667031,8.488131523132324
49.981667032,8.507767677307129
50.031667033,8.482099533081055
50.081667033,8.516555786132812
50.131667034,8.499397277832031
50.181667035,8.543819427490234
50.231667036,8.54145336151123
50.281667036,8.578832626342773
50.331667037,8.56963062286377
50.381667038,8.600637435913086
50.431667039,8.57070541381836
50.481667039,8.597688674926758
50.53166704,8.561152458190918
50.581667041,8.571316719055176
50.631667042,8.530302047729492
50.681667042,8.533902168273926
50.731667043,8.487401008605957
50.781667044,8.495551109313965
50.831667045,8.458015441894531
50.881667045,8.472084045410156
50.931667046,8.435166358947754
50.981667047,8.465683937072754
51.031667048,8.433284759521484
51.081667048,8.445478439331055
51.131667049,8.406718254089355
51.18166705,8.418249130249023
51.231667051,8.381620407104492
51.281667051,8.404433250427246
51.331667052,8.364246368408203
51.381667053,8.3922700881958
51.431667054,8.370299339294434
51.481667054,8.408279418945312
51.531667055,8.395146369934082
51.581667056,8.43790340423584
51.631667057,8.425816535949707
51.681667057,8.464123725891113
51.731667058,8.434544563293457
51.781667059,8.447421073913574
51.83166706,8.398443222045898
51.88166706,8.416255950927734
51.931667061,8.36315631866455
51.981667062,8.358551979064941
52.031667063,8.311403274536133
52.081667063,8.326993942260742
52.131667064,8.30778694152832
52.181667065,8.374082565307617
52.231667065,8.381962776184082
52.281667066,8.44391918182373
52.331667067,8.441874504089355
52.381667068,8.486461639404297
52.431667068,8.476557731628418
52.481667069,8.521917343139648
52.53166707,8.52221965789795
52.581667071,8.582358360290527
52.631667071,8.585569381713867
52.681667072,8.630809783935547
52.731667073,8.615132331848145
52.781667074,8.656322479248047
52.831667074,8.682148933410645
52.881667075,8.781757354736328
52.931667076,8.84180736541748
52.981667077,8.933948516845703
53.031667077,8.983858108520508
53.081667078,9.054616928100586
53.131667079,9.079752922058105
53.18166708,9.121733665466309
53.23166708,9.1154146194458
53.281667081,9.137495994567871
53.331667082,9.162346839904785
53.381667083,9.24842643737793
53.431667083,9.294743537902832
53.481667084,9.338635444641113
53.531667085,9.344120979309082
53.581667086,9.350371360778809
53.631667086,9.318594932556152
53.681667087,9.302940368652344
53.731667088,9.260680198669434
53.781667089,9.23143482208252
53.831667089,9.183281898498535
53.88166709,9.159632682800293
53.931667091,9.118637084960938
53.981667092,9.095721244812012
54.031667092,9.057788848876953
54.081667093,9.041997909545898
54.131667094,9.004159927368164
54.181667095,8.9931001663208
54.231667095,8.96226978302002
54.281667096,8.960302352905273
54.331667097,8.927833557128906
54.381667098,8.929787635803223
54.431667098,8.907693862915039
54.481667099,8.912992477416992
54.5316671,8.895642280578613
54.581667101,8.906352996826172
54.631667101,8.894553184509277
54.681667102,8.915624618530273
54.731667103,8.914179801940918
54.781667103,8.943055152893066
54.831667104,8.946476936340332
54.881667105,8.988476753234863
54.931667106,9.01375961303711
54.981667106,9.067533493041992
55.031667107,9.063501358032227
55.081667108,9.052038192749023
55.131667109,9.021873474121094
55.181667109,9.018441200256348
55.23166711,8.952680587768555
55.281667111,8.84603214263916
55.331667112,8.710383415222168
55.381667112,8.644990921020508
55.431667113,8.61732292175293
55.481667114,8.704794883728027
55.531667115,8.799338340759277
55.581667115,8.972322463989258
55.631667116,9.125909805297852
55.681667117,9.32974624633789
55.731667118,9.520877838134766
55.781667118,9.743338584899902
55.831667119,9.961139678955078
55.88166712,10.186960220336914
55.931667121,10.241109848022461
55.981667121,10.24160385131836
56.031667122,10.404624938964844
56.081667123,10.80822467803955
56.131667124,11.15961742401123
56.181667124,11.46381664276123
56.231667125,11.771262168884277
56.281667126,12.027877807617188
56.331667127,12.291778564453125
56.381667127,12.515724182128906
56.431667128,12.726561546325684
56.481667129,12.946497917175293
56.53166713,13.14503002166748
56.58166713,13.362526893615723
56.631667131,13.566141128540039
56.681667132,13.718534469604492
56.731667133,13.875072479248047
56.781667133,14.040989875793457
56.831667134,14.214383125305176
56.881667135,14.421534538269043
56.931667136,14.627711296081543
56.981667136,14.836174011230469
57.031667137,15.04487133026123
57.081667138,15.252138137817383
57.131667139,15.27800178527832
57.181667139,15.26399040222168
57.23166714,15.4547700881958
57.281667141,15.754572868347168
57.331667141,16.0192813873291
57.381667142,16.25804901123047
57.431667143,16.47728729248047
57.481667144,16.67948341369629
57.531667144,16.872283935546875
57.581667145,17.057331085205078
57.631667146,17.236051559448242
57.681667147,17.41224479675293
57.731667147,17.584646224975586
57.781667148,17.75448989868164
57.831667149,17.92209815979004
57.88166715,18.088979721069336
57.93166715,18.255268096923828
57.981667151,18.420902252197266
58.031667152,18.585840225219727
58.081667153,18.750404357910156
58.131667153,18.914766311645508
58.181667154,19.078523635864258
58.231667155,19.24261474609375
58.281667156,19.40651512145996
58.331667156,19.57047462463379
58.381667157,19.734403610229492
58.431667158,19.89835548400879
58.481667159,20.062177658081055
58.531667159,20.225854873657227
58.58166716,20.389314651489258
58.631667161,20.552532196044922
58.681667162,20.715164184570312
58.731667162,20.87717628479004
58.781667163,21.03714370727539
58.831667164,21.096385955810547
58.881667165,21.073986053466797
58.931667165,21.145322799682617
58.981667166,21.36111068725586
59.031667167,21.55437660217285
59.081667168,21.72714614868164
59.131667168,21.885122299194336
59.181667169,22.033382415771484
59.23166717,22.174894332885742
59.281667171,22.31232261657715
59.331667171,22.44639015197754
59.381667172,22.579402923583984
59.431667173,22.71107292175293
59.481667174,22.842187881469727
59.531667174,22.96935272216797
59.581667175,23.085206985473633
59.631667176,23.185853958129883
59.681667177,23.23872184753418
59.731667177,23.169469833374023
59.781667178,22.967275619506836
59.831667179,22.663372039794922
59.881667179,22.334205627441406
59.93166718,22.014774322509766
59.981667181,21.682600021362305
60.031667182,21.377939224243164
60.081667182,21.235931396484375
60.131667183,21.15797996520996
60.181667184,20.95307159423828
60.231667185,20.57857894897461
60.281667185,20.236347198486328
60.331667186,19.922107696533203
60.381667187,19.62091827392578
60.431667188,19.32345199584961
60.481667188,19.02818489074707
60.531667189,18.751298904418945
60.58166719,18.499313354492188
60.631667191,18.273609161376953
60.681667191,18.06396484375
60.731667192,17.862014770507812
60.781667193,17.663131713867188
60.831667194,17.463502883911133
60.881667194,17.261369705200195
60.931667195,17.063722610473633
60.981667196000004,16.869997024536133
61.031667197,16.818822860717773
61.081667197,16.79661750793457
61.131667198,16.53712272644043
61.181667199,16.151382446289062
61.2316672,15.788161277770996
61.2816672,15.444210052490234
61.331667201,15.121420860290527
61.381667202,14.81489372253418
61.431667203,14.514176368713379
61.481667203,14.217403411865234
61.531667204,13.91510009765625
61.581667205,13.607215881347656
61.631667206,13.304328918457031
61.681667206,12.989202499389648
61.731667207,12.762391090393066
61.781667208,12.649744987487793
61.831667209,12.434294700622559
61.881667209,11.846668243408203
61.93166721,11.331632614135742
61.981667211,10.87458324432373
62.031667212,10.45891284942627
62.081667212,10.084243774414062
62.131667213,9.749724388122559
62.181667214,9.455259323120117
62.231667215,9.203169822692871
62.281667215,8.995902061462402
62.331667216,8.831741333007812
62.381667217,8.694907188415527
62.431667217,8.5789213180542
62.481667218,8.477679252624512
62.531667219,8.388799667358398
62.58166722,8.311117172241211
62.63166722,8.241316795349121
62.681667221,8.177061080932617
62.731667222,8.11765193939209
62.781667223,8.06045913696289
62.831667223,8.003609657287598
62.881667224,7.9549560546875
62.931667225,7.941999435424805
62.981667226,7.981372356414795
63.031667226,8.07236099243164
63.081667227,8.21096420288086
63.131667228,8.368022918701172
63.181667229,8.528362274169922
63.231667229,8.687823295593262
63.28166723,8.845341682434082
63.331667231,8.993269920349121
63.381667232,9.127199172973633
63.431667232,9.233613014221191
63.481667233,9.287102699279785
63.531667234,9.29306411743164
63.581667235,9.268533706665039
63.631667235,9.223896026611328
63.681667236,9.167841911315918
63.731667237,9.104576110839844
63.781667238,9.038870811462402
63.831667238,8.973045349121094
63.881667239,8.909568786621094
63.93166724,8.852301597595215
63.981667241,8.798381805419922
64.031667241,8.752945899963379
64.081667242,8.722909927368164
64.131667243,8.72881031036377
64.181667244,8.778238296508789
64.231667244,8.867347717285156
64.281667245,8.983918190002441
64.331667246,9.118021011352539
64.381667247,9.262957572937012
64.43166724700001,9.404745101928711
64.481667248,9.520312309265137
64.531667249,9.563496589660645
64.58166725,9.545088768005371
64.63166725,9.48072624206543
64.681667251,9.386658668518066
64.731667252,9.27332592010498
64.781667253,9.152689933776855
64.831667253,9.004633903503418
64.881667254,8.830394744873047
64.931667255,8.649474143981934
64.981667255,8.451240539550781
65.031667256,8.248977661132812
65.081667257,8.052472114562988
65.131667258,7.887287139892578
65.181667258,7.778172016143799
65.231667259,7.735357761383057
65.28166726,7.738656520843506
65.331667261,7.721322536468506
65.381667261,7.6609416007995605
65.431667262,7.5618181228637695
65.481667263,7.433933734893799
65.531667264,7.29047966003418
65.581667264,7.1351542472839355
65.631667265,6.957326889038086
65.681667266,6.755072116851807
65.731667267,6.677850246429443
65.781667267,6.64035701751709
65.831667268,6.3563008308410645
65.881667269,5.777713298797607
65.93166727,5.246467590332031
65.98166727,4.7953057289123535
66.031667271,4.403459072113037
66.081667272,4.078035354614258
66.131667273,3.8088040351867676
66.181667273,3.594181776046753
66.231667274,3.4602038860321045
66.281667275,3.425100088119507
66.331667276,3.4822895526885986
66.381667276,3.591315746307373
66.431667277,3.7378954887390137
66.481667278,3.9053449630737305
66.531667279,4.09602165222168
66.581667279,4.29670524597168
66.63166728,4.510288238525391
66.681667281,4.729638576507568
66.731667282,4.949575901031494
66.781667282,5.16980504989624
66.831667283,5.309426784515381
66.881667284,5.22058629989624
66.931667285,5.266421318054199
66.981667285,5.8230061531066895
67.031667286,6.157009124755859
67.081667287,6.628632545471191
67.131667288,6.891505718231201
67.181667288,7.193646430969238
67.231667289,7.421586990356445
67.28166729,7.680352210998535
67.331667291,7.893530368804932
67.381667291,8.132364273071289
67.431667292,8.324880599975586
67.481667293,8.593744277954102
67.531667293,8.741837501525879
67.581667294,8.951163291931152
67.631667295,9.098898887634277
67.681667296,9.31974983215332
67.731667296,9.377650260925293
67.781667297,9.319689750671387
67.831667298,9.375496864318848
67.881667299,9.81223201751709
67.931667299,10.20805835723877
67.9816673,10.5452241897583
68.031667301,10.848809242248535
68.081667302,11.15847396850586
68.131667302,11.452953338623047
68.181667303,11.723787307739258
68.231667304,11.984173774719238
68.281667305,12.234068870544434
68.331667305,12.470682144165039
68.381667306,12.699763298034668
68.431667307,12.923242568969727
68.481667308,13.14250659942627
68.531667308,13.359232902526855
68.581667309,13.575807571411133
68.63166731,13.789813995361328
68.681667311,14.001744270324707
68.731667311,14.212615013122559
68.781667312,14.42230224609375
68.831667313,14.631121635437012
68.881667314,14.839495658874512
68.931667314,15.047314643859863
68.981667315,15.25464916229248
69.031667316,15.371776580810547
69.081667317,15.359598159790039
69.131667317,15.416128158569336
69.181667318,15.72879695892334
69.231667319,16.00731658935547
69.28166732,16.258766174316406
69.33166732,16.4894962310791
69.381667321,16.704504013061523
69.431667322,16.90748405456543
69.481667323,17.101408004760742
69.531667323,17.288442611694336
69.581667324,17.47026252746582
69.631667325,17.648143768310547
69.681667326,17.823030471801758
69.731667326,17.99562644958496
69.781667327,18.166460037231445
69.831667328,18.335922241210938
69.881667328,18.504308700561523
69.931667329,18.67183494567871
69.98166733,18.838661193847656
70.031667331,19.00490951538086
70.081667331,19.17066192626953
70.131667332,19.33598518371582
70.181667333,19.500932693481445
70.231667334,19.665525436401367
70.281667334,19.82981300354004
70.331667335,19.99380111694336
70.381667336,20.157512664794922
70.431667337,20.32094955444336
70.481667337,20.484132766723633
70.531667338,20.647064208984375
70.581667339,20.809741973876953
70.63166734,20.972177505493164
70.68166734,21.070159912109375
70.731667341,21.051183700561523
70.781667342,21.078697204589844
70.831667343,21.306901931762695
70.881667343,21.511852264404297
70.931667344,21.697250366210938
70.981667345,21.868072509765625
71.031667346,22.02806854248047
71.081667346,22.179990768432617
71.131667347,22.32590675354004
71.181667348,22.46733283996582
71.231667349,22.605384826660156
71.281667349,22.74088478088379
71.33166735,22.874422073364258
71.381667351,23.00642967224121
71.431667352,23.13709831237793
71.481667352,23.26649284362793
71.531667353,23.39473533630371
71.581667354,23.521787643432617
71.631667355,23.647668838500977
71.681667355,23.772125244140625
71.731667356,23.894760131835938
71.781667357,24.01536750793457
71.831667358,24.133832931518555
71.881667358,24.249773025512695
71.931667359,24.362796783447266
71.98166736,24.472335815429688
72.031667361,24.576812744140625
72.081667361,24.676183700561523
72.131667362,24.772090911865234
72.181667363,24.865859985351562
72.231667364,24.958145141601562
72.281667364,25.049169540405273
72.331667365,25.138776779174805
72.381667366,25.2266788482666
72.431667366,25.312732696533203
72.481667367,25.39682388305664
72.531667368,25.478879928588867
72.581667369,25.558691024780273
72.631667369,25.635913848876953
72.68166737,25.710607528686523
72.731667371,25.782686233520508
72.781667372,25.851852416992188
72.831667372,25.917665481567383
72.881667373,25.98012924194336
72.931667374,26.039405822753906
72.981667375,26.095170974731445
73.031667375,26.148698806762695
73.081667376,26.201446533203125
73.131667377,26.25141716003418
73.181667378,26.296598434448242
73.231667378,26.334901809692383
73.281667379,26.367721557617188
73.33166738,26.3947811126709
73.381667381,26.416345596313477
73.431667381,26.431289672851562
73.481667382,26.44175148010254
73.531667383,26.454940795898438
73.581667384,26.469013214111328
73.631667384,26.483205795288086
73.681667385,26.497020721435547
73.731667386,26.50596046447754
73.781667387,26.50779914855957
73.831667387,26.50650405883789
73.881667388,26.50249671936035
73.931667389,26.49901008605957
73.98166739,26.498178482055664
74.03166739,26.498003005981445
74.081667391,26.49855613708496
74.131667392,26.496137619018555
74.181667393,26.489656448364258
74.231667393,26.48459243774414
74.281667394,26.484630584716797
74.331667395,26.48445701599121
74.381667396,26.480411529541016
74.431667396,26.4777889251709
74.481667397,26.473012924194336
74.531667398,26.459392547607422
74.581667399,26.452802658081055
74.631667399,26.452831268310547
74.6816674,26.45804786682129
74.731667401,26.465686798095703
74.781667402,26.471416473388672
74.831667402,26.473777770996094
74.881667403,26.473987579345703
74.931667404,26.472497940063477
74.981667404,26.469873428344727
75.031667405,26.468795776367188
75.081667406,26.472759246826172
75.131667407,26.47971534729004
75.181667407,26.484745025634766
75.231667408,26.484310150146484
75.281667409,26.481870651245117
75.33166741,26.480165481567383
75.38166741,26.483009338378906
75.431667411,26.487621307373047
75.481667412,26.491226196289062
75.531667413,26.494211196899414
75.581667413,26.499876022338867
75.631667414,26.503019332885742
75.681667415,26.501096725463867
75.731667416,26.497100830078125
75.781667416,26.493314743041992
75.831667417,26.494081497192383
75.881667418,26.49260711669922
75.93166741900001,26.485862731933594
75.981667419,26.48434066772461
76.03166742,26.485610961914062
76.081667421,26.486896514892578
76.131667422,26.485837936401367
76.181667422,26.484878540039062
76.231667423,26.48813247680664
76.281667424,26.48994255065918
76.331667425,26.487337112426758
76.381667425,26.486064910888672
76.431667426,26.488983154296875
76.481667427,26.49062728881836
76.531667428,26.48810386657715
76.581667428,26.486900329589844
76.631667429,26.489850997924805
76.68166743,26.49134063720703
76.731667431,26.487926483154297
76.781667431,26.482704162597656
76.831667432,26.478670120239258
76.881667433,26.479888916015625
76.931667434,26.484310150146484
76.981667434,26.486949920654297
77.031667435,26.48438262939453
77.081667436,26.482263565063477
77.131667437,26.48013687133789
77.181667437,26.47569465637207
77.231667438,26.476402282714844
77.281667439,26.47698402404785
77.33166744,26.474369049072266
77.38166744,26.471118927001953
77.431667441,26.469036102294922
77.481667442,26.471921920776367
77.531667442,26.478139877319336
77.581667443,26.482561111450195
77.631667444,26.48210906982422
77.681667445,26.48003387451172
77.731667445,26.47620964050293
77.781667446,26.473981857299805
77.831667447,26.476736068725586
77.881667448,26.48249053955078
77.931667448,26.486419677734375
77.981667449,26.48585319519043
78.03166745,26.484193801879883
78.081667451,26.4827823638916
78.131667451,26.48579216003418
78.181667452,26.491121292114258
78.231667453,26.49429702758789
78.281667454,26.492971420288086
78.331667454,26.49006462097168
78.381667455,26.485628128051758
78.431667456,26.482460021972656
78.481667457,26.484249114990234
78.531667457,26.488950729370117
78.581667458,26.495441436767578
78.631667459,26.49915885925293
78.68166746,26.497034072875977
78.73166746,26.492612838745117
78.781667461,26.486953735351562
78.831667462,26.482803344726562
78.881667463,26.483829498291016
78.931667463,26.48489761352539
78.981667464,26.482057571411133
79.031667465,26.47554588317871
79.081667466,26.467708587646484
79.131667466,26.4665470123291
79.181667467,26.469818115234375
79.231667468,26.47478485107422
79.281667469,26.47632598876953
79.331667469,26.473337173461914
79.38166747,26.469148635864258
79.431667471,26.46430015563965
79.481667472,26.459455490112305
79.531667472,26.45704460144043
79.581667473,26.46050453186035
79.631667474,26.467702865600586
79.681667475,26.47431755065918
79.731667475,26.476659774780273
79.781667476,26.47675895690918
79.831667477,26.477128982543945
79.881667478,26.481698989868164
79.931667478,26.484973907470703
79.981667479,26.483919143676758
80.03166748,26.48130989074707
80.08166748,26.4791259765625
80.131667481,26.481657028198242
80.181667482,26.48699188232422
80.231667483,26.49022674560547
80.281667483,26.488569259643555
80.331667484,26.485370635986328
80.381667485,26.480594635009766
80.431667486,26.477571487426758
80.481667486,26.47968101501465
80.53166748699999,26.48488426208496
80.581667488,26.49201202392578
80.631667489,26.496402740478516
80.681667489,26.495452880859375
80.73166749,26.49279022216797
80.781667491,26.488468170166016
80.831667492,26.48301124572754
80.881667492,26.47911834716797
80.931667493,26.480419158935547
80.981667494,26.484886169433594
81.031667495,26.488561630249023
81.081667495,26.487442016601562
81.131667496,26.48420524597168
81.181667497,26.482824325561523
81.231667498,26.48554229736328
81.281667498,26.48833656311035
81.331667499,26.487712860107422
81.3816675,26.484712600708008
81.431667501,26.48076820373535
81.481667501,26.47931480407715
81.531667502,26.480974197387695
81.581667503,26.48236083984375
81.631667504,26.483383178710938
81.681667504,26.484851837158203
81.731667505,26.482986450195312
81.781667506,26.48148536682129
81.831667507,26.4798526763916
81.881667507,26.478635787963867
81.931667508,26.48193359375
81.981667509,26.484251022338867
82.03166751,26.482540130615234
82.08166751,26.48220443725586
82.131667511,26.48602867126465
82.181667512,26.488508224487305
82.231667513,26.486675262451172
82.281667513,26.483463287353516
82.331667514,26.480897903442383
82.381667515,26.483152389526367
82.431667516,26.488204956054688
82.481667516,26.4910831451416
82.531667517,26.489120483398438
82.581667518,26.485715866088867
82.631667518,26.482877731323242
82.681667519,26.484899520874023
82.73166752,26.486173629760742
82.781667521,26.483102798461914
82.831667521,26.480854034423828
82.881667522,26.48333168029785
82.931667523,26.484996795654297
82.981667524,26.482746124267578
83.031667524,26.481998443603516
83.081667525,26.48554801940918
83.131667526,26.490602493286133
83.181667527,26.49395751953125
83.231667527,26.49378204345703
83.281667528,26.493635177612305
83.331667529,26.497037887573242
83.38166753,26.49983024597168
83.43166753,26.498228073120117
83.481667531,26.495668411254883
83.531667532,26.493223190307617
83.581667533,26.48788833618164
83.631667533,26.482559204101562
83.681667534,26.475282669067383
83.731667535,26.47076988220215
83.781667536,26.4647216796875
83.831667536,26.461328506469727
83.881667537,26.462627410888672
83.931667538,26.46230125427246
83.981667539,26.4593563079834
84.031667539,26.456932067871094
84.08166754,26.45674705505371
84.131667541,26.46179962158203
84.181667542,26.47014808654785
84.231667542,26.47661018371582
84.281667543,26.47734260559082
84.331667544,26.475557327270508
84.381667545,26.47216796875
84.431667545,26.470354080200195
84.481667546,26.473567962646484
84.531667547,26.47980499267578
84.581667548,26.483991622924805
84.631667548,26.483213424682617
84.681667549,26.480989456176758
84.73166755,26.47930145263672
84.781667551,26.482126235961914
84.831667551,26.48396873474121
84.881667552,26.481870651245117
84.931667553,26.481290817260742
84.981667554,26.48497200012207
85.031667554,26.48738670349121
85.081667555,26.48552894592285
85.131667556,26.484827041625977
85.181667556,26.487884521484375
85.231667557,26.49074363708496
85.281667558,26.491912841796875
85.331667559,26.491857528686523
85.381667559,26.489168167114258
85.43166756,26.486066818237305
85.481667561,26.479385375976562
85.531667562,26.47416114807129
85.581667562,26.46742057800293
85.631667563,26.462751388549805
85.681667564,26.45631217956543
85.731667565,26.453092575073242
85.781667565,26.454710006713867
85.831667566,26.457202911376953
85.881667567,26.456809997558594
85.931667568,26.45600128173828
85.981667568,26.454328536987305
86.031667569,26.452838897705078
86.08166757,26.454177856445312
86.131667571,26.46002769470215
86.181667571,26.4623966217041
86.231667572,26.455598831176758
86.281667573,26.45382308959961
86.331667574,26.456924438476562
86.381667574,26.463716506958008
86.431667575,26.46998405456543
86.481667576,26.472976684570312
86.531667577,26.473880767822266
86.581667577,26.47298812866211
86.631667578,26.472993850708008
86.681667579,26.478187561035156
86.73166758,26.48297119140625
86.78166758,26.48178482055664
86.831667581,26.480249404907227
86.881667582,26.47997283935547
86.931667583,26.478496551513672
86.981667583,26.47979736328125
87.031667584,26.483978271484375
87.081667585,26.486387252807617
87.131667586,26.48420524597168
87.181667586,26.48086166381836
87.231667587,26.478195190429688
87.281667588,26.48050308227539
87.331667589,26.482208251953125
87.381667589,26.47958755493164
87.43166759,26.476364135742188
87.481667591,26.47608184814453
87.531667592,26.475927352905273
87.581667592,26.47262954711914
87.631667593,26.468902587890625
87.681667594,26.46475601196289
87.731667594,26.46356773376465
87.781667595,26.467159271240234
87.831667596,26.47318458557129
87.881667597,26.477067947387695
87.931667597,26.475961685180664
87.981667598,26.471424102783203
88.031667599,26.4639892578125
88.0816676,26.452341079711914
88.1316676,26.43645477294922
88.181667601,26.421123504638672
88.231667602,26.40390968322754
88.281667603,26.380046844482422
88.331667603,26.353900909423828
88.381667604,26.32546043395996
88.431667605,26.288816452026367
88.481667606,26.233842849731445
88.531667606,26.132675170898438
88.581667607,26.003528594970703
88.631667608,25.856639862060547
88.681667609,25.69667625427246
88.731667609,25.524646759033203
88.78166761,25.349573135375977
88.831667611,25.16611099243164
88.881667612,24.975072860717773
88.931667612,24.785388946533203
88.981667613,24.605457305908203
89.031667614,24.44012451171875
89.081667615,24.296316146850586
89.131667615,24.172903060913086
89.181667616,24.06226921081543
89.231667617,23.960023880004883
89.281667618,23.859708786010742
89.331667618,23.738597869873047
89.381667619,23.59186363220215
89.43166762,23.429161071777344
89.481667621,23.24540138244629
89.531667621,23.030729293823242
89.581667622,22.797895431518555
89.631667623,22.54851531982422
89.681667624,22.288007736206055
89.731667624,22.016727447509766
89.781667625,21.746137619018555
89.831667626,21.481401443481445
89.881667627,21.337535858154297
89.931667627,21.202844619750977
89.981667628,20.8469181060791
90.031667629,20.46076011657715
90.08166763,20.112825393676758
90.13166763,19.81087875366211
90.181667631,19.560546875
90.231667632,19.351093292236328
90.281667632,19.189777374267578
90.331667633,19.084144592285156
90.381667634,19.023923873901367
90.431667635,18.995758056640625
90.481667635,18.98693084716797
90.531667636,18.978439331054688
90.581667637,18.9468994140625
90.631667638,18.894725799560547
90.681667638,18.821367263793945
90.731667639,18.722820281982422
90.78166764,18.59755516052246
90.831667641,18.456451416015625
90.881667641,18.308181762695312
90.931667642,18.150768280029297
90.981667643,17.992769241333008
91.031667644,17.842529296875
91.081667644,17.702516555786133
91.131667645,17.570240020751953
91.181667646,17.441017150878906
91.231667647,17.311561584472656
91.281667647,17.17552375793457
91.331667648,17.023500442504883
91.381667649,16.8497257232666
91.43166765,16.665603637695312
91.48166765,16.517379760742188
91.531667651,16.497289657592773
91.581667652,16.469318389892578
91.631667653,16.033098220825195
91.681667653,15.586527824401855
91.731667654,15.141160011291504
91.781667655,14.703829765319824
91.831667656,14.269719123840332
91.881667656,13.831743240356445
91.931667657,13.401083946228027
91.981667658,12.97678279876709
92.031667659,12.552130699157715
92.081667659,12.143193244934082
92.13166766,11.78596305847168
92.181667661,11.45777702331543
92.231667662,11.342127799987793
92.281667662,11.33650016784668
92.331667663,11.005573272705078
92.381667664,10.56230354309082
92.431667665,10.230871200561523
92.481667665,10.0094575881958
92.531667666,9.900731086730957
92.581667667,9.880361557006836
92.631667667,9.922024726867676
92.681667668,10.008551597595215
92.731667669,10.126516342163086
92.78166767,10.256412506103516
92.83166767,10.38033390045166
92.881667671,10.5084867477417
92.931667672,10.606022834777832
92.981667673,10.699040412902832
93.031667673,10.749245643615723
93.081667674,10.786649703979492
93.131667675,10.78173542022705
93.181667676,10.750385284423828
93.231667676,10.723282814025879
93.281667677,10.732638359069824
93.331667678,10.762750625610352
93.381667679,10.75500202178955
93.431667679,10.707469940185547
93.48166768,10.641311645507812
93.531667681,10.579561233520508
93.581667682,10.498692512512207
93.631667682,10.419270515441895
93.681667683,10.329102516174316
93.731667684,10.247794151306152
93.781667685,10.140095710754395
93.831667685,10.002907752990723
93.881667686,9.804051399230957
93.931667687,9.580924987792969
93.981667688,9.36343002319336
94.031667688,9.163496017456055
94.081667689,9.027181625366211
94.13166769,8.96198558807373
94.181667691,8.985982894897461
94.231667691,9.018460273742676
94.281667692,9.077075004577637
94.331667693,9.080349922180176
94.381667694,9.095200538635254
94.431667694,9.042974472045898
94.481667695,9.006890296936035
94.531667696,8.923554420471191
94.581667697,8.88158130645752
94.631667697,8.810821533203125
94.681667698,8.796613693237305
94.731667699,8.754605293273926
94.7816677,8.775394439697266
94.8316677,8.76505184173584
94.881667701,8.811636924743652
94.931667702,8.814395904541016
94.981667703,8.865703582763672
95.031667703,8.873818397521973
95.081667704,8.91325569152832
95.131667705,8.901602745056152
95.181667705,8.930882453918457
95.231667706,8.915388107299805
95.281667707,8.937932968139648
95.331667708,8.916505813598633
95.381667708,8.941032409667969
95.431667709,8.931385040283203
95.48166771,8.965469360351562
95.531667711,8.94762134552002
95.581667711,8.958861351013184
95.631667712,8.920146942138672
95.681667713,8.910335540771484
95.731667714,8.860447883605957
95.781667714,8.864437103271484
95.831667715,8.839048385620117
95.881667716,8.870479583740234
95.931667717,8.868611335754395
95.981667717,8.916095733642578
96.031667718,8.927238464355469
96.081667719,8.980528831481934
96.13166772,8.988985061645508
96.18166772,9.035000801086426
96.231667721,9.04021167755127
96.281667722,9.082417488098145
96.331667723,9.087516784667969
96.381667723,9.131019592285156
96.431667724,9.141104698181152
96.481667725,9.18647575378418
96.531667726,9.196520805358887
96.581667726,9.234399795532227
96.631667727,9.23886775970459
96.681667728,9.26644229888916
96.731667729,9.265437126159668
96.781667729,9.29038143157959
96.83166773,9.282389640808105
96.881667731,9.305817604064941
96.931667732,9.302833557128906
96.981667732,9.325885772705078
97.031667733,9.321220397949219
97.081667734,9.344307899475098
97.131667735,9.338064193725586
97.181667735,9.348963737487793
97.231667736,9.333760261535645
97.281667737,9.341606140136719
97.331667738,9.316104888916016
97.381667738,9.304160118103027
97.431667739,9.269198417663574
97.48166774,9.254355430603027
97.531667741,9.217874526977539
97.581667741,9.239415168762207
97.631667742,9.286928176879883
97.681667743,9.392793655395508
97.731667743,9.495244026184082
97.781667744,9.649889945983887
97.831667745,9.809557914733887
97.881667746,10.002676010131836
97.931667746,10.188591957092285
97.981667747,10.380087852478027
98.031667748,10.427165031433105
98.081667749,10.424342155456543
98.131667749,10.59062671661377
98.18166775,10.99405574798584
98.231667751,11.347424507141113
98.281667752,11.671438217163086
98.331667752,11.966140747070312
98.381667753,12.240453720092773
98.431667754,12.487003326416016
98.481667755,12.711856842041016
98.531667755,12.925729751586914
98.581667756,13.127415657043457
98.631667757,13.322747230529785
98.681667758,13.509673118591309
98.731667758,13.684706687927246
98.781667759,13.856267929077148
98.83166776,14.030906677246094
98.881667761,14.210967063903809
98.931667761,14.396855354309082
98.981667762,14.581945419311523
99.031667763,14.769886016845703
99.081667764,14.959285736083984
99.131667764,15.150543212890625
99.181667765,15.345839500427246
99.231667766,15.365854263305664
99.281667767,15.343435287475586
99.331667767,15.52117919921875
99.381667768,15.811736106872559
99.431667769,16.073049545288086
99.48166777,16.306289672851562
99.53166777,16.523395538330078
99.581667771,16.72197723388672
99.631667772,16.909934997558594
99.681667773,17.09025001525879
99.731667773,17.25884246826172
99.781667774,17.424434661865234
99.831667775,17.584796905517578
99.881667776,17.739686965942383
99.931667776,17.890846252441406
99.981667777,18.039058685302734
100.031667778,18.1833438873291
100.081667779,18.328235626220703
100.131667779,18.472530364990234
100.18166778,18.614246368408203
100.231667781,18.75669288635254
100.281667781,18.900020599365234
100.331667782,19.04581069946289
100.381667783,19.19257926940918
100.431667784,19.338937759399414
100.481667784,19.486858367919922
100.531667785,19.634727478027344
100.581667786,19.78459358215332
100.631667787,19.935720443725586
100.681667787,20.088329315185547
100.731667788,20.244136810302734
100.781667789,20.40235710144043
100.83166779,20.56243324279785
100.88166779,20.72454261779785
100.931667791,20.88727378845215
100.981667792,21.050264358520508
101.031667793,21.040573120117188
101.081667793,21.02225112915039
101.131667794,21.201202392578125
101.181667795,21.415124893188477
101.231667796,21.606992721557617
101.281667796,21.781850814819336
101.331667797,21.94451141357422
101.381667798,22.097917556762695
101.431667799,22.244855880737305
101.481667799,22.386777877807617
101.5316678,22.525146484375
101.581667801,22.660797119140625
101.631667802,22.79438591003418
101.681667802,22.92629623413086
101.731667803,23.056440353393555
101.781667804,23.184955596923828
101.831667805,23.311582565307617
101.881667805,23.436241149902344
101.93166780600001,23.558834075927734
101.981667807,23.67920684814453
102.031667808,23.79726791381836
102.081667808,23.913494110107422
102.131667809,24.028526306152344
102.18166781,24.141674041748047
102.231667811,24.251916885375977
102.281667811,24.358606338500977
102.331667812,24.460765838623047
102.381667813,24.559192657470703
102.431667814,24.654090881347656
102.481667814,24.74580955505371
102.531667815,24.836217880249023
102.581667816,24.925424575805664
102.631667817,25.0106258392334
102.681667817,25.09149742126465
102.731667818,25.16936683654785
102.781667819,25.24496841430664
102.831667819,25.319026947021484
102.88166782,25.392107009887695
102.931667821,25.464452743530273
102.981667822,25.535717010498047
103.031667822,25.605243682861328
103.081667823,25.672082901000977
103.131667824,25.734935760498047
103.181667825,25.792984008789062
103.231667825,25.843191146850586
103.281667826,25.88430404663086
103.331667827,25.91943359375
103.381667828,25.947633743286133
103.431667828,25.966888427734375
103.481667829,25.981101989746094
103.53166783,25.98929786682129
103.581667831,25.98818016052246
103.631667831,25.979312896728516
103.681667832,25.956666946411133
103.731667833,25.86568832397461
103.781667834,25.69563102722168
103.831667834,25.498062133789062
103.881667835,25.276710510253906
103.931667836,25.03996467590332
103.981667837,24.81268310546875
104.031667837,24.609779357910156
104.081667838,24.427705764770508
104.131667839,24.2557430267334
104.18166784,24.103662490844727
104.23166784,23.969823837280273
104.281667841,23.849367141723633
104.331667842,23.747838973999023
104.381667843,23.66769790649414
104.431667843,23.601268768310547
104.481667844,23.539432525634766
104.531667845,23.47805404663086
104.581667846,23.410781860351562
104.631667846,23.299959182739258
104.681667847,23.134157180786133
104.731667848,22.953937530517578
104.781667849,22.774364471435547
104.831667849,22.5922908782959
104.88166785,22.40036392211914
104.931667851,22.182992935180664
104.981667852,21.93208122253418
105.031667852,21.676471710205078
105.081667853,21.430797576904297
105.131667854,21.296945571899414
105.181667855,21.19972801208496
105.231667855,20.933059692382812
105.281667856,20.582670211791992
105.331667857,20.26897430419922
105.381667857,20.003225326538086
105.431667858,19.78716278076172
105.481667859,19.625104904174805
105.53166786,19.508800506591797
105.58166786,19.429258346557617
105.631667861,19.374759674072266
105.681667862,19.330488204956055
105.731667863,19.284809112548828
105.781667863,19.2241153717041
105.831667864,19.152305603027344
105.881667865,19.072885513305664
105.931667866,18.987966537475586
105.981667866,18.8963565826416
106.031667867,18.800647735595703
106.081667868,18.70586395263672
106.131667869,18.61144256591797
106.181667869,18.516603469848633
106.23166787,18.4226131439209
106.281667871,18.326810836791992
106.331667872,18.229196548461914
106.381667872,18.133804321289062
106.431667873,18.03868865966797
106.481667874,17.94255828857422
106.531667875,17.844192504882812
106.581667875,17.74266815185547
106.631667876,17.63977813720703
106.681667877,17.537452697753906
106.731667878,17.437171936035156
106.781667878,17.340679168701172
106.831667879,17.249042510986328
106.88166788,17.16495132446289
106.931667881,17.10210418701172
106.981667881,17.06528663635254
107.031667882,17.045373916625977
107.081667883,17.033775329589844
107.131667884,17.018943786621094
107.181667884,16.980037689208984
107.231667885,16.923059463500977
107.281667886,16.8465518951416
107.331667887,16.749433517456055
107.381667887,16.633134841918945
107.431667888,16.5008487701416
107.481667889,16.35795783996582
107.53166789,16.20819854736328
107.58166789,16.088436126708984
107.631667891,16.05540657043457
107.681667892,16.005769729614258
107.731667893,15.572850227355957
107.781667893,15.188230514526367
107.831667894,14.848586082458496
107.881667895,14.534722328186035
107.931667895,14.251651763916016
107.981667896,14.001799583435059
108.031667897,13.788654327392578
108.081667898,13.608924865722656
108.131667898,13.458616256713867
108.181667899,13.329147338867188
108.2316679,13.216075897216797
108.281667901,13.119765281677246
108.331667901,13.032246589660645
108.381667902,12.94276237487793
108.431667903,12.852804183959961
108.481667904,12.765199661254883
108.531667904,12.675477027893066
108.581667905,12.584508895874023
108.631667906,12.494219779968262
108.681667907,12.397333145141602
108.731667907,12.300518035888672
108.781667908,12.215444564819336
108.831667909,12.136595726013184
108.88166791,12.070270538330078
108.93166791,12.024991035461426
108.981667911,12.00010871887207
109.031667912,11.985276222229004
109.081667913,11.947628021240234
109.131667913,11.831525802612305
109.181667914,11.615324020385742
109.231667915,11.398138046264648
109.281667916,11.277632713317871
109.331667916,11.109509468078613
109.381667917,10.640324592590332
109.431667918,10.237438201904297
109.481667919,9.909622192382812
109.531667919,9.65877628326416
109.58166792,9.471121788024902
109.631667921,9.367802619934082
109.681667922,9.346681594848633
109.731667922,9.377997398376465
109.781667923,9.444226264953613
109.831667924,9.529082298278809
109.881667925,9.628129959106445
109.931667925,9.717236518859863
109.981667926,9.776949882507324
110.031667927,9.773000717163086
110.081667928,9.693389892578125
110.131667928,9.537824630737305
110.181667929,9.366009712219238
110.23166793,9.167261123657227
110.281667931,8.994874000549316
110.331667931,8.840710639953613
110.381667932,8.780664443969727
110.431667933,8.752598762512207
110.481667933,8.795059204101562
110.531667934,8.790462493896484
110.581667935,8.832361221313477
110.631667936,8.828263282775879
110.681667936,8.86666488647461
110.731667937,8.859188079833984
110.781667938,8.890271186828613
110.831667939,8.862518310546875
110.881667939,8.85956859588623
110.93166794,8.814020156860352
110.981667941,8.830329895019531
111.031667942,8.820035934448242
111.081667942,8.872917175292969
111.131667943,8.896501541137695
111.181667944,8.975733757019043
111.231667945,9.024727821350098
111.281667945,9.096233367919922
111.331667946,9.120039939880371
111.381667947,9.171664237976074
111.431667948,9.172703742980957
111.481667948,9.215466499328613
111.531667949,9.211029052734375
111.58166795,9.235189437866211
111.631667951,9.236320495605469
111.681667951,9.271418571472168
111.731667952,9.274441719055176
111.781667953,9.302071571350098
111.831667954,9.29806900024414
111.881667954,9.317865371704102
111.931667955,9.303409576416016
111.981667956,9.315876960754395
112.031667957,9.309755325317383
112.081667957,9.342602729797363
112.131667958,9.358454704284668
112.181667959,9.405667304992676
112.23166796,9.438604354858398
112.28166796,9.510799407958984
112.331667961,9.580041885375977
112.381667962,9.708818435668945
112.431667963,9.844672203063965
112.481667963,10.019145011901855
112.531667964,10.186469078063965
112.581667965,10.386947631835938
112.631667966,10.516013145446777
112.681667966,10.51730728149414
112.731667967,10.499163627624512
112.781667968,10.920612335205078
112.831667969,11.29213809967041
112.881667969,11.625753402709961
112.93166797,11.927764892578125
112.981667971,12.203971862792969
113.031667971,12.454587936401367
113.081667972,12.678865432739258
113.131667973,12.88400650024414
113.181667974,13.061549186706543
113.231667974,13.208473205566406
113.281667975,13.339864730834961
113.331667976,13.458589553833008
113.381667977,13.581966400146484
113.431667977,13.70865535736084
113.481667978,13.840089797973633
113.531667979,13.97273063659668
113.58166798,14.102283477783203
113.63166798,14.233957290649414
113.681667981,14.3712739944458
113.731667982,14.522445678710938
113.781667983,14.678237915039062
113.831667983,14.846205711364746
113.881667984,15.019198417663574
113.931667985,15.200432777404785
113.981667986,15.383625984191895
114.031667986,15.52944564819336
114.081667987,15.51046371459961
114.131667988,15.490824699401855
114.181667989,15.796778678894043
114.231667989,16.06892204284668
114.28166799,16.315187454223633
114.331667991,16.541757583618164
114.381667992,16.748624801635742
114.431667992,16.94786834716797
114.481667993,17.133373260498047
114.531667994,17.309961318969727
114.581667995,17.48456573486328
114.631667995,17.65195655822754
114.681667996,17.814043045043945
114.731667997,17.972797393798828
114.781667998,18.129745483398438
114.831667998,18.279678344726562
114.881667999,18.42947006225586
114.931668,18.57795524597168
114.981668001,18.726303100585938
115.031668001,18.872724533081055
115.081668002,19.017789840698242
115.131668003,19.161144256591797
115.181668004,19.30466079711914
115.231668004,19.448867797851562
115.281668005,19.592212677001953
115.331668006,19.735530853271484
115.381668007,19.878084182739258
115.431668007,20.019495010375977
115.481668008,20.161664962768555
115.531668009,20.303876876831055
115.581668009,20.448118209838867
115.63166801,20.59295082092285
115.681668011,20.74005889892578
115.731668012,20.88963508605957
115.781668012,20.978408813476562
115.831668013,20.951749801635742
115.881668014,20.975095748901367
115.931668015,21.202573776245117
115.981668015,21.40785789489746
116.031668016,21.593950271606445
116.081668017,21.765344619750977
116.131668018,21.925500869750977
116.181668018,22.077104568481445
116.231668019,22.22190284729004
116.28166802,22.36189079284668
116.331668021,22.49807357788086
116.381668021,22.631553649902344
116.431668022,22.763240814208984
116.481668023,22.893394470214844
116.531668024,23.022563934326172
116.581668024,23.151132583618164
116.631668025,23.279191970825195
116.681668026,23.406352996826172
116.731668027,23.531206130981445
116.781668027,23.653364181518555
116.831668028,23.772254943847656
116.881668029,23.887720108032227
116.93166803,23.999174118041992
116.98166803,24.105005264282227
117.031668031,24.20430564880371
117.081668032,24.298667907714844
117.131668033,24.389049530029297
117.181668033,24.47643280029297
117.231668034,24.56205177307129
117.281668035,24.64691925048828
117.331668036,24.73147964477539
117.381668036,24.816635131835938
117.431668037,24.902299880981445
117.481668038,24.98744010925293
117.531668039,25.07200813293457
117.581668039,25.155229568481445
117.63166804,25.236553192138672
117.681668041,25.315101623535156
117.731668042,25.390499114990234
117.781668042,25.46340560913086
117.831668043,25.534685134887695
117.881668044,25.604568481445312
117.931668044,25.673206329345703
117.981668045,25.740684509277344
118.031668046,25.806594848632812
118.081668047,25.86953353881836
118.131668047,25.928098678588867
118.181668048,25.982017517089844
118.231668049,26.03061866760254
118.28166805,26.07351303100586
118.33166805,26.11056137084961
118.381668051,26.143535614013672
118.431668052,26.173011779785156
118.481668053,26.19407844543457
118.531668053,26.208473205566406
118.581668054,26.22347640991211
118.631668055,26.237064361572266
118.681668056,26.250268936157227
118.731668056,26.266315460205078
118.781668057,26.283632278442383
118.831668058,26.301891326904297
118.881668059,26.32219886779785
118.931668059,26.345521926879883
118.98166806,26.37009048461914
119.031668061,26.39212989807129
119.081668062,26.410404205322266
119.131668062,26.423351287841797
119.181668063,26.426851272583008
119.231668064,26.419958114624023
119.281668065,26.409358978271484
119.331668065,26.39814567565918
119.381668066,26.382993698120117
119.431668067,26.35980987548828
119.481668068,26.331253051757812
119.531668068,26.308513641357422
119.581668069,26.297950744628906
119.63166807,26.295207977294922
119.681668071,26.298294067382812
119.731668071,26.30443572998047
119.781668072,26.314083099365234
119.831668073,26.328567504882812
119.881668074,26.34839630126953
119.931668074,26.368661880493164
119.981668075,26.381399154663086
120.031668076,26.382728576660156
120.081668077,26.373031616210938
120.131668077,26.356977462768555
120.181668078,26.337650299072266
120.231668079,26.317325592041016
120.28166808,26.301349639892578
120.33166808,26.291894912719727
120.381668081,26.28711700439453
120.431668082,26.292757034301758
120.481668082,26.307361602783203
120.531668083,26.323549270629883
120.581668084,26.335134506225586
120.631668085,26.347658157348633
120.681668085,26.36330223083496
120.731668086,26.38325309753418
120.781668087,26.403261184692383
120.831668088,26.418956756591797
120.881668088,26.430984497070312
120.931668089,26.43929672241211
120.98166809,26.441848754882812
121.031668091,26.43815040588379
121.081668091,26.42818260192871
121.131668092,26.414255142211914
121.181668093,26.3990535736084
121.231668094,26.385168075561523
121.281668094,26.375463485717773
121.331668095,26.373085021972656
121.381668096,26.376930236816406
121.431668097,26.382247924804688
121.481668097,26.38741111755371
121.531668098,26.396284103393555
121.581668099,26.40792465209961
121.6316681,26.4212589263916
121.6816681,26.433731079101562
121.731668101,26.444215774536133
121.781668102,26.45089340209961
121.831668103,26.453357696533203
121.881668103,26.452556610107422
121.931668104,26.44941520690918
121.981668105,26.444660186767578
122.031668106,26.438310623168945
122.081668106,26.43086814880371
122.131668107,26.426372528076172
122.181668108,26.42768096923828
122.231668109,26.43294334411621
122.281668109,26.439128875732422
122.33166811,26.44407081604004
122.381668111,26.44706916809082
122.431668112,26.448135375976562
122.481668112,26.442102432250977
122.531668113,26.425655364990234
122.581668114,26.40575408935547
122.631668115,26.391782760620117
122.681668115,26.38675308227539
122.731668116,26.384496688842773
122.781668117,26.37969970703125
122.831668118,26.38186264038086
122.881668118,26.392847061157227
122.931668119,26.409687042236328
122.98166812,26.428173065185547
123.03166812,26.444828033447266
123.081668121,26.45676040649414
123.131668122,26.46010971069336
123.181668123,26.45477294921875
123.231668123,26.44118881225586
123.281668124,26.425704956054688
123.331668125,26.41351318359375
123.381668126,26.404306411743164
123.431668126,26.397550582885742
123.481668127,26.387914657592773
123.531668128,26.372892379760742
123.581668129,26.36530113220215
123.631668129,26.36271858215332
123.68166813,26.368688583374023
123.731668131,26.38343048095703
123.781668132,26.403535842895508
123.831668132,26.42438507080078
123.881668133,26.443790435791016
123.931668134,26.458240509033203
123.981668135,26.4665584564209
124.031668135,26.472572326660156
124.081668136,26.473060607910156
124.131668137,26.465267181396484
124.181668138,26.452302932739258
124.231668138,26.438899993896484
124.281668139,26.423843383789062
124.33166814,26.404008865356445
124.381668141,26.39238739013672
124.431668141,26.38658905029297
124.481668142,26.38878059387207
124.531668143,26.39961814880371
124.581668144,26.416282653808594
124.631668144,26.434473037719727
124.681668145,26.449993133544922
124.731668146,26.46046257019043
124.781668147,26.464643478393555
124.831668147,26.46392822265625
124.881668148,26.456560134887695
124.931668149,26.442901611328125
124.98166815,26.42786979675293
125.03166815,26.415430068969727
125.081668151,26.40453338623047
125.131668152,26.393903732299805
125.181668153,26.38309097290039
125.231668153,26.37335777282715
125.281668154,26.365428924560547
125.331668155,26.36604881286621
125.381668156,26.375858306884766
125.431668156,26.392410278320312
125.481668157,26.4136905670166
125.531668158,26.435176849365234
125.581668158,26.451358795166016
125.631668159,26.459543228149414
125.68166816,26.461977005004883
125.731668161,26.459148406982422
125.781668161,26.44769287109375
125.831668162,26.43017578125
125.881668163,26.410619735717773
125.931668164,26.392581939697266
125.981668164,26.37860679626465
126.031668165,26.366352081298828
126.081668166,26.35616683959961
126.131668167,26.355297088623047
126.181668167,26.36223793029785
126.231668168,26.372825622558594
126.281668169,26.381277084350586
126.33166817,26.388368606567383
126.38166817,26.401399612426758
126.431668171,26.418869018554688
126.481668172,26.436017990112305
126.531668173,26.450565338134766
126.581668173,26.46286964416504
126.631668174,26.472604751586914
126.681668175,26.475547790527344
126.731668176,26.468904495239258
126.781668176,26.45589828491211
126.831668177,26.439443588256836
126.881668178,26.422731399536133
126.931668179,26.403526306152344
126.981668179,26.380701065063477
127.03166818,26.367040634155273
127.081668181,26.36027717590332
127.131668182,26.362628936767578
127.181668182,26.373445510864258
127.231668183,26.390697479248047
127.281668184,26.40984344482422
127.331668185,26.426227569580078
127.381668185,26.43912124633789
127.431668186,26.446670532226562
127.481668187,26.446382522583008
127.531668188,26.436586380004883
127.581668188,26.42243766784668
127.631668189,26.408823013305664
127.68166819,26.398569107055664
127.731668191,26.38857078552246
127.781668191,26.379789352416992
127.831668192,26.380813598632812
127.881668193,26.38611602783203
127.931668194,26.392292022705078
127.981668194,26.405410766601562
128.031668195,26.424158096313477
128.081668196,26.444948196411133
128.131668196,26.463008880615234
128.181668197,26.47581672668457
128.231668198,26.48009490966797
128.281668199,26.47820281982422
128.331668199,26.473957061767578
128.3816682,26.47075653076172
128.431668201,26.465030670166016
128.481668202,26.455873489379883
128.531668202,26.446819305419922
128.581668203,26.438386917114258
128.631668204,26.424362182617188
128.681668205,26.401920318603516
128.731668205,26.387924194335938
128.781668206,26.383451461791992
128.831668207,26.385725021362305
128.881668208,26.38919448852539
128.931668208,26.395618438720703
128.981668209,26.40639877319336
129.03166821,26.419828414916992
129.081668211,26.433740615844727
129.131668211,26.44365882873535
129.181668212,26.4453182220459
129.231668213,26.442710876464844
129.281668214,26.43819808959961
129.331668214,26.433284759521484
129.381668215,26.42840003967285
129.431668216,26.423810958862305
129.481668217,26.41994857788086
129.531668217,26.416139602661133
129.581668218,26.407649993896484
129.631668219,26.394084930419922
129.68166822,26.388994216918945
129.73166822,26.3919677734375
129.781668221,26.400310516357422
129.831668222,26.411169052124023
129.881668223,26.426530838012695
129.931668223,26.4433536529541
129.981668224,26.459880828857422
130.031668225,26.474393844604492
130.081668226,26.484264373779297
130.131668226,26.486570358276367
130.181668227,26.481121063232422
130.231668228,26.470726013183594
130.281668229,26.460418701171875
130.331668229,26.450754165649414
130.38166823,26.44253921508789
130.431668231,26.435428619384766
130.481668232,26.431121826171875
130.531668232,26.431047439575195
130.581668233,26.4341983795166
130.631668234,26.436843872070312
130.681668234,26.43761444091797
130.731668235,26.443309783935547
130.781668236,26.452720642089844
130.831668237,26.46251106262207
130.881668237,26.46872901916504
130.931668238,26.47161865234375
130.981668239,26.472076416015625
131.03166824,26.472766876220703
131.08166824,26.47644805908203
131.131668241,26.4813289642334
131.181668242,26.48525047302246
131.231668243,26.48543930053711
131.281668243,26.483068466186523
131.331668244,26.481447219848633
131.381668245,26.4837703704834
131.431668246,26.48895263671875
131.481668246,26.493206024169922
131.531668247,26.493188858032227
131.581668248,26.49016761779785
131.631668249,26.482919692993164
131.681668249,26.473358154296875
131.73166825,26.469863891601562
131.781668251,26.47140121459961
131.831668252,26.476613998413086
131.881668252,26.4840087890625
131.931668253,26.49187469482422
131.981668254,26.49671745300293
132.031668255,26.496585845947266
132.081668255,26.493316650390625
132.131668256,26.488218307495117
132.181668257,26.48206901550293
132.231668258,26.475521087646484
132.281668258,26.471275329589844
132.331668259,26.472789764404297
132.38166826,26.47792625427246
132.431668261,26.482498168945312
132.481668261,26.48274040222168
132.531668262,26.48045539855957
132.581668263,26.47690773010254
132.631668264,26.475250244140625
132.681668264,26.477754592895508
132.731668265,26.481277465820312
132.781668266,26.482332229614258
132.831668267,26.481054306030273
132.881668267,26.480215072631836
132.931668268,26.483421325683594
132.981668269,26.488750457763672
133.03166827,26.491228103637695
133.08166827,26.48871421813965
133.131668271,26.484712600708008
133.181668272,26.479867935180664
133.231668272,26.47679328918457
133.281668273,26.47892951965332
133.331668274,26.484254837036133
133.381668275,26.487632751464844
133.431668275,26.485565185546875
133.481668276,26.48379898071289
133.531668277,26.486093521118164
133.581668278,26.48861312866211
133.631668278,26.488359451293945
133.681668279,26.48654556274414
133.73166828,26.478151321411133
133.781668281,26.463106155395508
133.831668281,26.455148696899414
133.881668282,26.453208923339844
133.931668283,26.454721450805664
133.981668284,26.458925247192383
134.031668284,26.464542388916016
134.081668285,26.469411849975586
134.131668286,26.47526741027832
134.181668287,26.479412078857422
134.231668287,26.477474212646484
134.281668288,26.472015380859375
134.331668289,26.465356826782227
134.38166829,26.458656311035156
134.43166829,26.45229148864746
134.481668291,26.44633674621582
134.531668292,26.440074920654297
134.581668293,26.430747985839844
134.631668293,26.420534133911133
134.681668294,26.4121036529541
134.731668295,26.399690628051758
134.781668296,26.395689010620117
134.831668296,26.40127944946289
134.881668297,26.413564682006836
134.931668298,26.427814483642578
134.981668299,26.441694259643555
135.031668299,26.453857421875
135.0816683,26.459741592407227
135.131668301,26.460474014282227
135.181668302,26.454851150512695
135.231668302,26.437658309936523
135.281668303,26.41262435913086
135.331668304,26.374513626098633
135.381668305,26.31720542907715
135.431668305,26.223024368286133
135.481668306,26.07615852355957
135.531668307,25.888587951660156
135.581668308,25.684362411499023
135.631668308,25.469755172729492
135.681668309,25.246889114379883
135.73166831,25.006120681762695
135.78166831,24.736608505249023
135.831668311,24.427310943603516
135.881668312,24.074466705322266
135.931668313,23.703453063964844
135.981668313,23.349672317504883
136.031668314,22.997154235839844
136.081668315,22.64443016052246
136.131668316,22.30706024169922
136.181668316,21.990793228149414
136.231668317,21.756723403930664
136.281668318,21.588947296142578
136.331668319,21.316370010375977
136.381668319,20.887632369995117
136.43166832,20.505573272705078
136.481668321,20.152149200439453
136.531668322,19.844486236572266
136.581668322,19.581069946289062
136.631668323,19.33609962463379
136.681668324,19.100557327270508
136.731668325,18.876028060913086
136.781668325,18.639415740966797
136.831668326,18.382823944091797
136.881668327,18.119285583496094
136.931668328,17.852005004882812
136.981668328,17.570749282836914
137.031668329,17.29115104675293
137.08166833,17.05238914489746
137.131668331,16.897207260131836
137.181668331,16.67789077758789
137.231668332,16.200136184692383
137.281668333,15.774953842163086
137.331668334,15.395120620727539
137.381668334,15.029943466186523
137.431668335,14.680875778198242
137.481668336,14.334596633911133
137.531668337,13.971526145935059
137.581668337,13.55836296081543
137.631668338,13.109514236450195
137.681668339,12.670045852661133
137.73166834,12.238512992858887
137.78166834,11.830780029296875
137.831668341,11.66926097869873
137.881668342,11.625944137573242
137.931668343,11.187239646911621
137.981668343,10.693281173706055
138.031668344,10.25214958190918
138.081668345,9.862217903137207
138.131668346,9.522305488586426
138.181668346,9.233460426330566
138.231668347,9.000273704528809
138.281668348,8.814297676086426
138.331668348,8.664011001586914
138.381668349,8.534388542175293
138.43166835,8.439691543579102
138.481668351,8.323946952819824
138.531668351,8.269262313842773
138.581668352,8.163921356201172
138.631668353,8.128268241882324
138.681668354,8.02916431427002
138.731668354,8.009264945983887
138.781668355,7.9565629959106445
138.831668356,8.031539916992188
138.881668357,8.085768699645996
138.931668357,8.255152702331543
138.981668358,8.381425857543945
139.031668359,8.584145545959473
139.08166836,8.72708797454834
139.13166836,8.914002418518066
139.181668361,9.034406661987305
139.231668362,9.174640655517578
139.281668363,9.23724365234375
139.331668363,9.284488677978516
139.381668364,9.25882625579834
139.431668365,9.237136840820312
139.481668366,9.169692993164062
139.531668366,9.124754905700684
139.581668367,9.042787551879883
139.631668368,8.995241165161133
139.681668369,8.920019149780273
139.731668369,8.89079761505127
139.78166837,8.836249351501465
139.831668371,8.864368438720703
139.881668372,8.8828125
139.931668372,8.973440170288086
139.981668373,9.044976234436035
140.031668374,9.171893119812012
140.081668375,9.272889137268066
140.131668375,9.415033340454102
140.181668376,9.530872344970703
140.231668377,9.673447608947754
140.281668378,9.793193817138672
140.331668378,9.927992820739746
140.381668379,10.043923377990723
140.43166838,10.153912544250488
140.481668381,10.213801383972168
140.531668381,10.201223373413086
140.581668382,10.117987632751465
140.631668383,10.008951187133789
140.681668384,9.88337516784668
140.731668384,9.757196426391602
140.781668385,9.618769645690918
140.831668386,9.464129447937012
140.881668386,9.267596244812012
140.931668387,9.010470390319824
140.981668388,8.724956512451172
141.031668389,8.446261405944824
141.081668389,8.148941040039062
141.13166839,7.9041266441345215
141.181668391,7.619872570037842
141.231668392,7.412288665771484
141.281668392,7.134402751922607
141.331668393,6.956210613250732
141.381668394,6.7017436027526855
141.431668395,6.761976718902588
141.481668395,6.704794883728027
141.531668396,6.294765472412109
141.581668397,5.732240200042725
141.631668398,5.4142632484436035
141.681668398,5.15260124206543
141.731668399,5.099090099334717
141.7816684,5.035187721252441
141.831668401,5.1767401695251465
141.881668401,5.233644008636475
141.931668402,5.3769025802612305
141.981668403,5.35587215423584
142.031668404,5.521705627441406
142.081668404,5.605469226837158
142.131668405,5.7269606590271
142.181668406,5.637392997741699
142.231668407,5.90723991394043
142.281668407,6.375782012939453
142.331668408,6.911924362182617
142.381668409,7.293204307556152
142.43166841,7.738208293914795
142.48166841,8.060687065124512
142.531668411,8.41700267791748
142.581668412,8.697538375854492
142.631668413,8.981359481811523
142.681668413,9.231740951538086
142.731668414,9.447060585021973
142.781668415,9.657469749450684
142.831668416,9.804216384887695
142.881668416,9.70367431640625
142.931668417,9.587960243225098
142.981668418,9.940398216247559
143.031668419,10.229578018188477
143.081668419,10.505772590637207
143.13166842,10.762834548950195
143.181668421,11.003910064697266
143.231668421,11.242936134338379
143.281668422,11.460774421691895
143.331668423,11.6549711227417
143.381668424,11.874773025512695
143.431668424,12.124967575073242
143.481668425,12.360811233520508
143.531668426,12.59324836730957
143.581668427,12.825089454650879
143.631668427,13.04945182800293
143.681668428,13.27065372467041
143.731668429,13.489688873291016
143.78166843,13.705718040466309
143.83166843,13.921903610229492
143.881668431,14.136240005493164
143.931668432,14.34874439239502
143.981668433,14.556386947631836
144.031668433,14.76352596282959
144.081668434,14.970038414001465
144.131668435,15.17534065246582
144.181668436,15.333108901977539
144.231668436,15.320104598999023
144.281668437,15.30478286743164
144.331668438,15.622612953186035
144.381668439,15.906702995300293
144.431668439,16.163124084472656
144.48166844,16.397857666015625
144.531668441,16.615825653076172
144.581668442,16.82054328918457
144.631668442,17.012006759643555
144.681668443,17.18941879272461
144.731668444,17.35002899169922
144.781668445,17.488924026489258
144.831668445,17.612882614135742
144.881668446,17.72015953063965
144.931668447,17.808162689208984
144.981668448,17.88705062866211
145.031668448,17.972557067871094
145.081668449,18.065143585205078
145.13166845,18.166872024536133
145.181668451,18.281211853027344
145.231668451,18.407363891601562
145.281668452,18.542882919311523
145.331668453,18.683256149291992
145.381668454,18.822072982788086
145.431668454,18.955394744873047
145.481668455,19.073101043701172
145.531668456,19.106800079345703
145.581668457,18.98006820678711
145.631668457,18.732086181640625
145.681668458,18.393959045410156
145.731668459,18.01775550842285
145.781668459,17.627511978149414
145.83166846,17.226226806640625
145.881668461,16.867412567138672
145.931668462,16.578250885009766
145.981668462,16.241422653198242
146.031668463,15.683905601501465
146.081668464,15.192322731018066
146.131668465,14.781168937683105
146.181668465,14.455132484436035
146.231668466,14.184783935546875
146.281668467,13.994762420654297
146.331668468,13.88444995880127
146.381668468,13.840128898620605
146.431668469,13.85252571105957
146.48166847,13.905965805053711
146.531668471,14.001681327819824
146.581668471,14.110319137573242
146.631668472,14.14948844909668
146.681668473,14.148731231689453
146.731668474,14.084840774536133
146.781668474,13.966803550720215
146.831668475,13.893678665161133
146.881668476,13.87439250946045
146.931668477,13.91336727142334
146.981668477,13.989508628845215
147.031668478,14.085417747497559
147.081668479,14.186570167541504
147.13166848,14.25486946105957
147.18166848,14.27447509765625
147.231668481,14.234506607055664
147.281668482,14.142829895019531
147.331668483,13.986030578613281
147.381668483,13.77475643157959
147.431668484,13.527055740356445
147.481668485,13.294225692749023
147.531668486,13.087106704711914
147.581668486,12.901143074035645
147.631668487,12.73579216003418
147.681668488,12.578269004821777
147.731668489,12.384833335876465
147.781668489,12.15215015411377
147.83166849,12.070383071899414
147.881668491,12.026092529296875
147.931668492,11.656831741333008
147.981668492,11.113423347473145
148.031668493,10.608518600463867
148.081668494,10.13692569732666
148.131668495,9.714755058288574
148.181668495,9.32016658782959
148.231668496,8.952550888061523
148.281668497,8.638487815856934
148.331668497,8.33299446105957
148.381668498,8.100794792175293
148.431668499,7.84876012802124
148.4816685,7.693833351135254
148.5316685,7.49675989151001
148.581668501,7.420687675476074
148.631668502,7.314983367919922
148.681668503,7.328859806060791
148.731668503,7.277097702026367
148.781668504,7.339313983917236
148.831668505,7.325597286224365
148.881668506,7.4182047843933105
148.931668506,7.428066730499268
148.981668507,7.538574695587158
149.031668508,7.5737714767456055
149.081668509,7.711777210235596
149.131668509,7.7839250564575195
149.18166851,7.944626808166504
149.231668511,8.026631355285645
149.281668512,8.179893493652344
149.331668512,8.249509811401367
149.381668513,8.356154441833496
149.431668514,8.340205192565918
149.481668515,8.343643188476562
149.531668515,8.256077766418457
149.581668516,8.201454162597656
149.631668517,8.016093254089355
149.681668518,7.858089923858643
149.731668518,7.620222091674805
149.781668519,7.467114448547363
149.83166852,7.251514434814453
149.881668521,7.164726257324219
149.931668521,7.0404438972473145
149.981668522,7.0648698806762695
150.031668523,7.0386528968811035
150.081668524,7.145542621612549
150.131668524,7.1768598556518555
150.181668525,7.327436923980713
150.231668526,7.398042678833008
150.281668527,7.5839128494262695
150.331668527,7.683596611022949
150.381668528,7.860282897949219
150.431668529,7.938185214996338
150.48166853,8.069453239440918
150.53166853,8.064770698547363
150.581668531,8.082306861877441
150.631668532,8.030315399169922
150.681668533,8.064789772033691
150.731668533,8.045796394348145
150.781668534,8.12082576751709
150.831668535,8.139459609985352
150.881668535,8.207987785339355
150.931668536,8.18526554107666
150.981668537,8.239171028137207
151.031668538,8.236790657043457
151.081668538,8.311909675598145
151.131668539,8.322608947753906
151.18166854,8.357917785644531
151.231668541,8.296232223510742
151.281668541,8.257779121398926
151.331668542,8.127057075500488
151.381668543,8.043734550476074
151.431668544,7.886315822601318
151.481668544,7.7968292236328125
151.531668545,7.638330459594727
151.581668546,7.561980247497559
151.631668547,7.412216663360596
151.681668547,7.361367225646973
151.731668548,7.256264686584473
151.781668549,7.287643909454346
151.83166855,7.2656731605529785
151.88166855,7.379957675933838
151.931668551,7.440210819244385
151.981668552,7.630271911621094
152.031668553,7.757587909698486
152.081668553,7.9616193771362305
152.131668554,8.051692962646484
152.181668555,8.2673921585083
152.231668556,8.418286323547363
152.281668556,8.59487247467041
152.331668557,8.681135177612305
152.381668558,8.775542259216309
152.431668559,8.811366081237793
152.481668559,8.876385688781738
152.53166856,8.89576530456543
152.581668561,8.94842529296875
152.631668562,8.962078094482422
152.681668562,9.005974769592285
152.731668563,9.040340423583984
152.781668564,9.086016654968262
152.831668565,9.118634223937988
152.881668565,9.179429054260254
152.931668566,9.198040962219238
152.981668567,9.236227989196777
153.031668568,9.231081008911133
153.081668568,9.233929634094238
153.131668569,9.200143814086914
153.18166857,9.177806854248047
153.231668571,9.125195503234863
153.281668571,9.084840774536133
153.331668572,9.028617858886719
153.381668573,8.990067481994629
153.431668573,8.931719779968262
153.481668574,8.903120040893555
153.531668575,8.845135688781738
153.581668576,8.816486358642578
153.631668576,8.754363059997559
153.681668577,8.744583129882812
153.731668578,8.735593795776367
153.781668579,8.759847640991211
153.831668579,8.75183391571045
153.88166858,8.770538330078125
153.931668581,8.756735801696777
153.981668582,8.78727912902832
154.031668582,8.765241622924805
154.081668583,8.770097732543945
154.131668584,8.738494873046875
154.181668585,8.749933242797852
154.231668585,8.727446556091309
154.281668586,8.73416519165039
154.331668587,8.705607414245605
154.381668588,8.723005294799805
154.431668588,8.707500457763672
154.481668589,8.746354103088379
154.53166859,8.753664016723633
154.581668591,8.826035499572754
154.631668591,8.871254920959473
154.681668592,8.944809913635254
154.731668593,9.023149490356445
154.781668594,9.139904975891113
154.831668594,9.21724796295166
154.881668595,9.29522705078125
154.931668596,9.332402229309082
154.981668597,9.353686332702637
155.031668597,9.340163230895996
155.081668598,9.33110523223877
155.131668599,9.287652015686035
155.1816686,9.247782707214355
155.2316686,9.18147087097168
155.281668601,9.130929946899414
155.331668602,9.063875198364258
155.381668603,9.008092880249023
155.431668603,8.931756973266602
155.481668604,8.873063087463379
155.531668605,8.811490058898926
155.581668606,8.7837495803833
155.631668606,8.729170799255371
155.681668607,8.713647842407227
155.731668608,8.670429229736328
155.781668609,8.668781280517578
155.831668609,8.6353759765625
155.88166861,8.642622947692871
155.931668611,8.610845565795898
155.981668611,8.619034767150879
156.031668612,8.582364082336426
156.081668613,8.591870307922363
156.131668614,8.552671432495117
156.181668614,8.566575050354004
156.231668615,8.541727066040039
156.281668616,8.593189239501953
156.331668617,8.61313533782959
156.381668617,8.698345184326172
156.431668618,8.804884910583496
156.481668619,8.970458030700684
156.53166862,9.115143775939941
156.58166862,9.335342407226562
156.631668621,9.52057933807373
156.681668622,9.744416236877441
156.731668623,9.940372467041016
156.781668623,10.155617713928223
156.831668624,10.202557563781738
156.881668625,10.17281723022461
156.931668626,10.31611156463623
156.981668626,10.678627014160156
157.031668627,10.9171781539917
157.081668628,11.026138305664062
157.131668629,11.08656120300293
157.181668629,11.113115310668945
157.23166863,11.183878898620605
157.281668631,11.287686347961426
157.331668632,11.411982536315918
157.381668632,11.56329345703125
157.431668633,11.700474739074707
157.481668634,11.87338924407959
157.531668635,12.021778106689453
157.581668635,12.203670501708984
157.631668636,12.357625961303711
157.681668637,12.548423767089844
157.731668638,12.709742546081543
157.781668638,12.87748908996582
157.831668639,13.05439567565918
157.88166864,13.22074031829834
157.931668641,13.40380573272705
157.981668641,13.561097145080566
158.031668642,13.744749069213867
158.081668643,13.907541275024414
158.131668644,14.072176933288574
158.181668644,14.232529640197754
158.231668645,14.414840698242188
158.281668646,14.61392879486084
158.331668647,14.820389747619629
158.381668647,15.028441429138184
158.431668648,15.23803424835205
158.481668649,15.266874313354492
158.531668649,15.255468368530273
158.58166865,15.44912052154541
158.631668651,15.749933242797852
158.681668652,16.019336700439453
158.731668652,16.261075973510742
158.781668653,16.482402801513672
158.831668654,16.68929100036621
158.881668655,16.88536262512207
158.931668655,17.071672439575195
158.981668656,17.25172996520996
159.031668657,17.427865982055664
159.081668658,17.59990692138672
159.131668658,17.769380569458008
159.181668659,17.936973571777344
159.23166866,18.101940155029297
159.281668661,18.263347625732422
159.331668661,18.42072868347168
159.381668662,18.573108673095703
159.431668663,18.72117805480957
159.481668664,18.86699676513672
159.531668664,19.01654624938965
159.581668665,19.168437957763672
159.631668666,19.318527221679688
159.681668667,19.467206954956055
159.731668667,19.61526870727539
159.781668668,19.76400375366211
159.831668669,19.903564453125
159.88166867,19.988222122192383
159.93166867,19.97059440612793
159.981668671,19.82095718383789
160.031668672,19.559656143188477
160.081668673,19.210559844970703
160.131668673,18.831933975219727
160.181668674,18.45604705810547
160.231668675,18.115924835205078
160.281668676,17.875370025634766
160.331668676,17.70201873779297
160.381668677,17.568559646606445
160.431668678,17.49556541442871
160.481668679,17.486042022705078
160.531668679,17.52385711669922
160.58166868,17.595502853393555
160.631668681,17.691333770751953
160.681668682,17.792585372924805
160.731668682,17.855228424072266
160.781668683,17.86251449584961
160.831668684,17.826099395751953
160.881668685,17.763307571411133
160.931668685,17.683332443237305
160.981668686,17.586496353149414
161.031668687,17.475982666015625
161.081668687,17.349597930908203
161.131668688,17.20688247680664
161.181668689,17.052656173706055
161.23166869,16.892019271850586
161.28166869,16.7270450592041
161.331668691,16.559846878051758
161.381668692,16.45305633544922
161.431668693,16.41018295288086
161.481668693,16.249439239501953
161.531668694,15.760149002075195
161.581668695,15.289787292480469
161.631668696,14.826939582824707
161.681668696,14.349825859069824
161.731668697,13.870962142944336
161.781668698,13.407256126403809
161.831668699,12.959339141845703
161.881668699,12.540912628173828
161.9316687,12.138603210449219
161.981668701,11.790303230285645
162.031668702,11.54311752319336
162.081668702,11.328861236572266
162.131668703,11.340008735656738
162.181668704,11.328060150146484
162.231668705,10.898272514343262
162.281668705,10.417862892150879
162.331668706,9.994010925292969
162.381668707,9.624353408813477
162.431668708,9.311415672302246
162.481668708,9.050272941589355
162.531668709,8.838104248046875
162.58166871,8.657415390014648
162.631668711,8.523447036743164
162.681668711,8.38239574432373
162.731668712,8.308988571166992
162.781668713,8.19493293762207
162.831668714,8.15540599822998
162.881668714,8.0610933303833
162.931668715,8.039379119873047
162.981668716,7.950965404510498
163.031668717,7.9412407875061035
163.081668717,7.897984981536865
163.131668718,7.976337909698486
163.181668719,8.0272216796875
163.23166872,8.195770263671875
163.28166872,8.312141418457031
163.331668721,8.498175621032715
163.381668722,8.620850563049316
163.431668723,8.80152416229248
163.481668723,8.918962478637695
163.531668724,9.054540634155273
163.581668725,9.102311134338379
163.631668725,9.141749382019043
163.681668726,9.109134674072266
163.731668727,9.089426040649414
163.781668728,9.020607948303223
163.831668728,8.979849815368652
163.881668729,8.897357940673828
163.93166873,8.852882385253906
163.981668731,8.769204139709473
164.031668731,8.73326301574707
164.081668732,8.654632568359375
164.131668733,8.626937866210938
164.181668734,8.558112144470215
164.231668734,8.577832221984863
164.281668735,8.591744422912598
164.331668736,8.700353622436523
164.381668737,8.789336204528809
164.431668737,8.945472717285156
164.481668738,9.067032814025879
164.531668739,9.238574028015137
164.58166874,9.37778091430664
164.63166874,9.550079345703125
164.681668741,9.674125671386719
164.731668742,9.744677543640137
164.781668743,9.717047691345215
164.831668743,9.654648780822754
164.881668744,9.550278663635254
164.931668745,9.446473121643066
164.981668746,9.327588081359863
165.031668746,9.242376327514648
165.081668747,9.112024307250977
165.131668748,8.9697847366333
165.181668749,8.763118743896484
165.231668749,8.58008098602295
165.28166875,8.364744186401367
165.331668751,8.195077896118164
165.381668752,7.951011657714844
165.431668752,7.752278804779053
165.481668753,7.494537353515625
165.531668754,7.331448554992676
165.581668755,7.108529090881348
165.631668755,7.0071868896484375
165.681668756,6.822600364685059
165.731668757,6.739368438720703
165.781668758,6.556944370269775
165.831668758,6.486001014709473
165.881668759,6.306405067443848
165.93166876,6.233796119689941
165.981668761,6.049921989440918
166.031668761,6.041620254516602
166.081668762,5.97349214553833
166.131668763,5.917864799499512
166.181668763,5.375859260559082
166.231668764,5.099175930023193
166.281668765,4.885105609893799
166.331668766,4.819742679595947
166.381668766,4.8507184982299805
166.431668767,4.955324649810791
166.481668768,5.088661193847656
166.531668769,5.2121429443359375
166.581668769,5.480381488800049
166.63166877,5.54483699798584
166.681668771,5.689690589904785
166.731668772,5.743582725524902
166.781668772,5.790534496307373
166.831668773,5.693958282470703
166.881668774,6.170306205749512
166.931668775,6.58875036239624
166.981668775,7.049314975738525
167.031668776,7.396824836730957
167.081668777,7.766438961029053
167.131668778,8.079264640808105
167.181668778,8.37210750579834
167.231668779,8.633066177368164
167.28166878,8.87099838256836
167.331668781,9.100408554077148
167.381668781,9.305112838745117
167.431668782,9.532663345336914
167.481668783,9.589669227600098
167.531668784,9.50942611694336
167.581668784,9.640803337097168
167.631668785,10.044145584106445
167.681668786,10.4169282913208
167.731668787,10.757802963256836
167.781668787,11.067386627197266
167.831668788,11.342914581298828
167.881668789,11.604538917541504
167.93166879,11.852644920349121
167.98166879,12.097587585449219
168.031668791,12.330061912536621
168.081668792,12.557890892028809
168.131668793,12.781404495239258
168.181668793,13.00338077545166
168.231668794,13.228140830993652
168.281668795,13.448660850524902
168.331668796,13.666205406188965
168.381668796,13.88084888458252
168.431668797,14.094910621643066
168.481668798,14.30737018585205
168.531668798,14.518567085266113
168.581668799,14.728262901306152
168.6316688,14.93701171875
168.681668801,15.145539283752441
168.731668801,15.353007316589355
168.781668802,15.382132530212402
168.831668803,15.369464874267578
168.881668804,15.559500694274902
168.931668804,15.857644081115723
168.981668805,16.124284744262695
169.031668806,16.366687774658203
169.081668807,16.590566635131836
169.131668807,16.80019760131836
169.181668808,16.99913787841797
169.231668809,17.190053939819336
169.28166881,17.37485694885254
169.33166881,17.55499267578125
169.381668811,17.731595993041992
169.431668812,17.905494689941406
169.481668813,18.077346801757812
169.531668813,18.247610092163086
169.581668814,18.41661262512207
169.631668815,18.584619522094727
169.681668816,18.751806259155273
169.731668816,18.91835594177246
169.781668817,19.084341049194336
169.831668818,19.249879837036133
169.881668819,19.415008544921875
169.931668819,19.579797744750977
169.98166882,19.744264602661133
170.031668821,19.908432006835938
170.081668822,20.07231330871582
170.131668822,20.23592185974121
170.181668823,20.39925765991211
170.231668824,20.562326431274414
170.281668825,20.725147247314453
170.331668825,20.887685775756836
170.381668826,21.050121307373047
170.431668827,21.03925132751465
170.481668828,21.020092010498047
170.531668828,21.198511123657227
170.581668829,21.412940979003906
170.63166883,21.605443954467773
170.681668831,21.781574249267578
170.731668831,21.945526123046875
170.781668832,22.100418090820312
170.831668833,22.24856185913086
170.881668834,22.39167594909668
170.931668834,22.53103256225586
170.981668835,22.667566299438477
171.031668836,22.801956176757812
171.081668836,22.9346866607666
171.131668837,23.066097259521484
171.181668838,23.196395874023438
171.231668839,23.32561492919922
171.281668839,23.453502655029297
171.33166884,23.579883575439453
171.381668841,23.704673767089844
171.431668842,23.8277645111084
171.481668842,23.948867797851562
171.531668843,24.067649841308594
171.581668844,24.184003829956055
171.631668845,24.297889709472656
171.681668845,24.40867805480957
171.731668846,24.51472282409668
171.781668847,24.615140914916992
171.831668848,24.71170425415039
171.881668848,24.805810928344727
171.931668849,24.898195266723633
171.98166885,24.989261627197266
172.031668851,25.079025268554688
172.081668851,25.167388916015625
172.131668852,25.254030227661133
172.181668853,25.338956832885742
172.231668854,25.422399520874023
172.281668854,25.503816604614258
172.331668855,25.582969665527344
172.381668856,25.65966796875
172.431668857,25.733701705932617
172.481668857,25.80483055114746
172.531668858,25.873027801513672
172.581668859,25.938640594482422
172.63166886,26.002029418945312
172.68166886,26.063032150268555
172.731668861,26.120586395263672
172.781668862,26.174463272094727
172.831668863,26.22379493713379
172.881668863,26.26668930053711
172.931668864,26.303646087646484
172.981668865,26.334917068481445
173.031668866,26.360586166381836
173.081668866,26.381162643432617
173.131668867,26.39761734008789
173.181668868,26.404443740844727
173.231668869,26.400304794311523
173.281668869,26.39461326599121
173.33166887,26.38787269592285
173.381668871,26.388940811157227
173.431668872,26.393814086914062
173.481668872,26.39805793762207
173.531668873,26.404897689819336
173.581668874,26.418476104736328
173.631668874,26.434133529663086
173.681668875,26.44949722290039
173.731668876,26.462860107421875
173.781668877,26.471513748168945
173.831668877,26.46929168701172
173.881668878,26.453840255737305
173.931668879,26.432388305664062
173.98166888,26.41632843017578
174.03166888,26.403987884521484
174.081668881,26.393390655517578
174.131668882,26.383960723876953
174.181668883,26.37593650817871
174.231668883,26.367473602294922
174.281668884,26.360389709472656
174.331668885,26.35434913635254
174.381668886,26.352128982543945
174.431668886,26.35706901550293
174.481668887,26.36635398864746
174.531668888,26.37721824645996
174.581668889,26.3890438079834
174.631668889,26.40087127685547
174.68166889,26.410367965698242
174.731668891,26.415102005004883
174.781668892,26.414522171020508
174.831668892,26.409828186035156
174.881668893,26.405323028564453
174.931668894,26.40134620666504
174.981668895,26.394474029541016
175.031668895,26.384075164794922
175.081668896,26.37417984008789
175.131668897,26.363664627075195
175.181668898,26.34990119934082
175.231668898,26.33119773864746
175.281668899,26.308013916015625
175.3316689,26.278005599975586
175.381668901,26.236865997314453
175.431668901,26.189083099365234
175.481668902,26.134992599487305
175.531668903,26.068511962890625
175.581668904,25.972566604614258
175.631668904,25.847667694091797
175.681668905,25.70484733581543
175.731668906,25.551738739013672
175.781668907,25.393123626708984
175.831668907,25.23319435119629
175.881668908,25.0797176361084
175.931668909,24.951799392700195
175.98166891,24.855741500854492
176.03166891,24.774198532104492
176.081668911,24.700794219970703
176.131668912,24.627784729003906
176.181668912,24.544940948486328
176.231668913,24.43765640258789
176.281668914,24.29582977294922
176.331668915,24.128902435302734
176.381668915,23.95523452758789
176.431668916,23.789440155029297
176.481668917,23.625961303710938
176.531668918,23.461027145385742
176.581668918,23.295307159423828
176.631668919,23.129878997802734
176.68166892,22.961772918701172
176.731668921,22.79759979248047
176.781668921,22.641414642333984
176.831668922,22.4751033782959
176.881668923,22.285512924194336
176.931668924,22.0732479095459
176.981668924,21.885238647460938
177.031668925,21.724319458007812
177.081668926,21.5882511138916
177.131668927,21.493099212646484
177.181668927,21.441587448120117
177.231668928,21.420495986938477
177.281668929,21.41916275024414
177.33166893,21.429275512695312
177.38166893,21.438138961791992
177.431668931,21.4208984375
177.481668932,21.339303970336914
177.531668933,21.215730667114258
177.581668933,21.081432342529297
177.631668934,20.94976234436035
177.681668935,20.816495895385742
177.731668936,20.68022918701172
177.781668936,20.54092025756836
177.831668937,20.471614837646484
177.881668938,20.45256996154785
177.931668939,20.31464195251465
177.981668939,20.01590919494629
178.03166894,19.74895668029785
178.081668941,19.512483596801758
178.131668942,19.30714988708496
178.181668942,19.129255294799805
178.231668943,18.971660614013672
178.281668944,18.83412742614746
178.331668945,18.71596336364746
178.381668945,18.616392135620117
178.431668946,18.53487205505371
178.481668947,18.468652725219727
178.531668948,18.417665481567383
178.581668948,18.38125228881836
178.631668949,18.356124877929688
178.68166895,18.344369888305664
178.73166895,18.358078002929688
178.781668951,18.407085418701172
178.831668952,18.484237670898438
178.881668953,18.57958984375
178.931668953,18.684127807617188
178.981668954,18.786577224731445
179.031668955,18.87785530090332
179.081668956,18.954679489135742
179.131668956,19.018070220947266
179.181668957,19.066879272460938
179.231668958,19.09675407409668
179.281668959,19.10426139831543
179.331668959,19.09218406677246
179.38166896,19.062040328979492
179.431668961,19.019245147705078
179.481668962,18.965219497680664
179.531668962,18.905006408691406
179.581668963,18.846433639526367
179.631668964,18.79317855834961
179.681668965,18.743139266967773
179.731668965,18.697385787963867
179.781668966,18.664026260375977
179.831668967,18.64754295349121
179.881668968,18.64000701904297
179.931668968,18.632854461669922
179.981668969,18.627269744873047
180.03166897,18.622365951538086
180.081668971,18.619834899902344
180.131668971,18.6175537109375
180.181668972,18.61478042602539
180.231668973,18.61296272277832
180.281668974,18.61514663696289
180.331668974,18.617046356201172
180.381668975,18.617109298706055
180.431668976,18.623815536499023
180.481668977,18.638858795166016
180.531668977,18.65938949584961
180.581668978,18.680944442749023
180.631668979,18.692323684692383
180.68166898,18.6756649017334
180.73166898,18.633861541748047
180.781668981,18.579660415649414
180.831668982,18.527542114257812
180.881668983,18.4742374420166
180.931668983,18.41980743408203
180.981668984,18.380264282226562
181.031668985,18.36492347717285
181.081668986,18.375185012817383
181.131668986,18.40604019165039
181.181668987,18.455251693725586
181.231668988,18.520238876342773
181.281668988,18.597570419311523
181.331668989,18.684085845947266
181.38166899,18.77579689025879
181.431668991,18.867582321166992
181.481668991,18.951074600219727
181.531668992,19.012786865234375
181.581668993,19.018142700195312
181.631668994,18.969013214111328
181.681668994,18.883220672607422
181.731668995,18.773643493652344
181.781668996,18.649417877197266
181.831668997,18.51910400390625
181.881668997,18.38468360900879
181.931668998,18.24924087524414
181.981668999,18.11531639099121
182.031669,17.987228393554688
182.081669,17.86239242553711
182.131669001,17.738935470581055
182.181669002,17.624055862426758
182.231669003,17.517292022705078
182.281669003,17.417787551879883
182.331669004,17.325031280517578
182.381669005,17.23807716369629
182.431669006,17.163864135742188
182.481669006,17.110593795776367
182.531669007,17.076913833618164
182.581669008,17.059648513793945
182.631669009,17.05221939086914
182.681669009,17.048446655273438
182.73166901,17.0468807220459
182.781669011,17.046085357666016
182.831669012,17.046916961669922
182.881669012,17.047229766845703
182.931669013,17.040050506591797
182.981669014,17.021602630615234
183.031669015,16.988367080688477
183.081669015,16.936025619506836
183.131669016,16.863365173339844
183.181669017,16.754009246826172
183.231669018,16.60879898071289
183.281669018,16.421239852905273
183.331669019,16.195714950561523
183.38166902,16.073055267333984
183.431669021,15.902804374694824
183.481669021,15.417950630187988
183.531669022,14.888947486877441
183.581669023,14.426499366760254
183.631669024,14.088793754577637
183.681669024,13.833906173706055
183.731669025,13.648463249206543
183.781669026,13.543617248535156
183.831669026,13.506694793701172
183.881669027,13.523592948913574
183.931669028,13.58249568939209
183.981669029,13.679213523864746
184.031669029,13.796113967895508
184.08166903,13.926535606384277
184.131669031,14.064664840698242
184.181669032,14.198328018188477
184.231669032,14.32501220703125
184.28166903300001,14.439210891723633
184.331669034,14.544167518615723
184.381669035,14.653931617736816
184.431669035,14.767841339111328
184.481669036,14.883063316345215
184.531669037,14.990927696228027
184.581669038,15.112727165222168
184.631669038,15.233369827270508
184.681669039,15.357450485229492
184.73166904,15.478434562683105
184.781669041,15.616949081420898
184.831669041,15.753305435180664
184.881669042,15.899460792541504
184.931669043,16.05290985107422
184.981669044,16.029075622558594
185.031669044,16.00533103942871
185.081669045,16.232147216796875
185.131669046,16.49908447265625
185.181669047,16.737695693969727
185.231669047,16.957469940185547
185.281669048,17.1622314453125
185.331669049,17.356403350830078
185.38166905,17.543291091918945
185.43166905,17.721878051757812
185.481669051,17.89634895324707
185.531669052,18.053823471069336
185.581669053,18.165281295776367
185.631669053,18.232524871826172
185.681669054,18.27094078063965
185.731669055,18.293441772460938
185.781669056,18.30963897705078
185.831669056,18.3251895904541
185.881669057,18.372533798217773
185.931669058,18.447612762451172
185.981669059,18.542383193969727
186.031669059,18.652572631835938
186.08166906,18.77345848083496
186.131669061,18.903881072998047
186.181669062,19.041431427001953
186.231669062,19.18360137939453
186.281669063,19.330753326416016
186.331669064,19.476299285888672
186.381669064,19.62401008605957
186.431669065,19.770448684692383
186.481669066,19.917667388916016
186.531669067,20.064706802368164
186.581669067,20.21079444885254
186.631669068,20.355995178222656
186.681669069,20.498634338378906
186.73166907,20.63753890991211
186.78166907,20.772905349731445
186.831669071,20.902894973754883
186.881669072,21.028667449951172
186.931669073,21.145219802856445
186.981669073,21.25257682800293
187.031669074,21.364656448364258
187.081669075,21.48181915283203
187.131669076,21.549543380737305
187.181669076,21.513822555541992
187.231669077,21.522674560546875
187.281669078,21.726051330566406
187.331669079,21.91002082824707
187.381669079,22.078956604003906
187.43166908,22.236827850341797
187.481669081,22.386672973632812
187.531669082,22.5308780670166
187.581669082,22.669233322143555
187.631669083,22.803098678588867
187.681669084,22.93412208557129
187.731669085,23.06216812133789
187.781669085,23.18748664855957
187.831669086,23.310951232910156
187.881669087,23.432985305786133
187.931669088,23.554916381835938
187.981669088,23.676605224609375
188.031669089,23.799129486083984
188.08166909,23.922292709350586
188.131669091,24.04623794555664
188.181669091,24.166851043701172
188.231669092,24.279211044311523
188.281669093,24.384309768676758
188.331669094,24.482606887817383
188.381669094,24.576332092285156
188.431669095,24.665435791015625
188.481669096,24.75015640258789
188.531669097,24.83012580871582
188.581669097,24.90636444091797
188.631669098,24.97776985168457
188.681669099,25.041765213012695
188.7316691,25.09966468811035
188.7816691,25.153926849365234
188.831669101,25.20711326599121
188.881669102,25.261781692504883
188.931669102,25.32049560546875
188.981669103,25.383020401000977
189.031669104,25.446630477905273
189.081669105,25.508909225463867
189.131669105,25.57146453857422
189.181669106,25.634082794189453
189.231669107,25.695497512817383
189.281669108,25.75613021850586
189.331669108,25.815977096557617
189.381669109,25.875192642211914
189.43166911,25.93366813659668
189.481669111,25.989822387695312
189.531669111,26.04001235961914
189.581669112,26.08222007751465
189.631669113,26.117591857910156
189.681669114,26.142305374145508
189.731669114,26.154870986938477
189.781669115,26.158063888549805
189.831669116,26.152986526489258
189.881669117,26.132442474365234
189.931669117,26.08296775817871
189.981669118,25.981243133544922
190.031669119,25.838041305541992
190.08166912,25.660629272460938
190.13166912,25.451480865478516
190.181669121,25.20925521850586
190.231669122,24.948348999023438
190.281669123,24.692825317382812
190.331669123,24.44899559020996
190.381669124,24.21614646911621
190.431669125,23.984642028808594
190.481669126,23.740928649902344
190.531669126,23.47025489807129
190.581669127,23.168365478515625
190.631669128,22.857572555541992
190.681669129,22.522268295288086
190.731669129,22.178783416748047
190.78166913,21.837799072265625
190.831669131,21.592458724975586
190.881669132,21.390581130981445
190.931669132,20.998092651367188
190.981669133,20.572914123535156
191.031669134,20.18370819091797
191.081669135,19.840322494506836
191.131669135,19.566028594970703
191.181669136,19.357393264770508
191.231669137,19.205442428588867
191.281669137,19.10585594177246
191.331669138,19.040618896484375
191.381669139,19.00044822692871
191.43166914,18.962865829467773
191.48166914,18.905059814453125
191.531669141,18.794137954711914
191.581669142,18.645652770996094
191.631669143,18.466279983520508
191.681669143,18.272600173950195
191.731669144,18.076990127563477
191.781669145,17.894107818603516
191.831669146,17.733112335205078
191.881669146,17.605083465576172
191.931669147,17.511428833007812
191.981669148,17.45584487915039
192.031669149,17.430438995361328
192.081669149,17.424345016479492
192.13166915,17.428998947143555
192.181669151,17.43568229675293
192.231669152,17.423030853271484
192.281669152,17.369773864746094
192.331669153,17.262624740600586
192.381669154,17.10174560546875
192.431669155,16.922170639038086
192.481669155,16.7235107421875
192.531669156,16.4842472076416
192.581669157,16.341794967651367
192.631669158,16.20977210998535
192.681669158,15.835917472839355
192.731669159,15.302899360656738
192.78166916,14.777385711669922
192.831669161,14.267607688903809
192.881669161,13.772812843322754
192.931669162,13.294977188110352
192.981669163,12.831342697143555
193.031669164,12.382901191711426
193.081669164,11.961336135864258
193.131669165,11.554309844970703
193.181669166,11.193408966064453
193.231669167,10.874691009521484
193.281669167,10.687935829162598
193.331669168,10.618823051452637
193.381669169,10.435158729553223
193.43166917,9.892516136169434
193.48166917,9.41444206237793
193.531669171,9.011520385742188
193.581669172,8.675414085388184
193.631669173,8.408883094787598
193.681669173,8.152806282043457
193.731669174,7.969207763671875
193.781669175,7.760216236114502
193.831669175,7.684508800506592
193.881669176,7.5966386795043945
193.931669177,7.6337361335754395
193.981669178,7.621665954589844
194.031669178,7.730464458465576
194.081669179,7.786205768585205
194.13166918,7.94739294052124
194.181669181,8.038208961486816
194.231669181,8.20195484161377
194.281669182,8.286150932312012
194.331669183,8.428637504577637
194.381669184,8.504545211791992
194.431669184,8.649503707885742
194.481669185,8.736943244934082
194.531669186,8.883976936340332
194.581669187,8.979130744934082
194.631669187,9.1104736328125
194.681669188,9.180933952331543
194.731669189,9.269371032714844
194.78166919,9.302706718444824
194.83166919,9.362990379333496
194.881669191,9.39061164855957
194.931669192,9.444917678833008
194.981669193,9.4690523147583
195.031669193,9.502586364746094
195.081669194,9.509519577026367
195.131669195,9.52663516998291
195.181669196,9.526495933532715
195.231669196,9.540138244628906
195.281669197,9.52989387512207
195.331669198,9.520949363708496
195.381669199,9.47864055633545
195.431669199,9.476384162902832
195.4816692,9.461844444274902
195.531669201,9.465348243713379
195.581669202,9.448075294494629
195.631669202,9.452383041381836
195.681669203,9.437747955322266
195.731669204,9.440353393554688
195.78166920500001,9.421167373657227
195.831669205,9.423279762268066
195.881669206,9.40461540222168
195.931669207,9.400304794311523
195.981669208,9.387659072875977
196.031669208,9.395291328430176
196.081669209,9.386641502380371
196.13166921,9.395076751708984
196.181669211,9.378230094909668
196.231669211,9.375204086303711
196.281669212,9.3417387008667
196.331669213,9.3353853225708
196.381669213,9.3015775680542
196.431669214,9.31234359741211
196.481669215,9.310922622680664
196.531669216,9.336907386779785
196.581669216,9.339903831481934
196.631669217,9.366905212402344
196.681669218,9.375101089477539
196.731669219,9.411019325256348
196.781669219,9.419629096984863
196.83166922,9.463541984558105
196.881669221,9.516661643981934
196.931669222,9.59979248046875
196.981669222,9.708044052124023
197.031669223,9.842306137084961
197.081669224,9.953213691711426
197.131669225,10.082659721374512
197.181669225,10.231090545654297
197.231669226,10.407495498657227
197.281669227,10.588178634643555
197.331669228,10.631946563720703
197.381669228,10.619244575500488
197.431669229,10.76608657836914
197.48166923,11.154532432556152
197.531669231,11.506917953491211
197.581669231,11.828317642211914
197.631669232,12.116388320922852
197.681669233,12.381913185119629
197.731669234,12.619778633117676
197.781669234,12.817669868469238
197.831669235,12.988984107971191
197.881669236,13.128396034240723
197.931669237,13.238266944885254
197.981669237,13.334482192993164
198.031669238,13.416356086730957
198.081669239,13.515134811401367
198.13166924,13.644472122192383
198.18166924,13.784618377685547
198.231669241,13.94387435913086
198.281669242,14.11120319366455
198.331669243,14.283935546875
198.381669243,14.461977005004883
198.431669244,14.644604682922363
198.481669245,14.829901695251465
198.531669246,15.016552925109863
198.581669246,15.208418846130371
198.631669247,15.400687217712402
198.681669248,15.37578010559082
198.731669249,15.351438522338867
198.781669249,15.593602180480957
198.83166925,15.874375343322754
198.881669251,16.126964569091797
198.931669251,16.357938766479492
198.981669252,16.570613861083984
199.031669253,16.77094268798828
199.081669254,16.958240509033203
199.131669254,17.141756057739258
199.181669255,17.318058013916016
199.231669256,17.492128372192383
199.281669257,17.662235260009766
199.331669257,17.83185386657715
199.381669258,17.99942398071289
199.431669259,18.164859771728516
199.48166926,18.328155517578125
199.53166926,18.492584228515625
199.581669261,18.6554012298584
199.631669262,18.81699562072754
199.681669263,18.97844886779785
199.731669263,19.138835906982422
199.781669264,19.2952880859375
199.831669265,19.45049476623535
199.881669266,19.60428237915039
199.931669266,19.75627899169922
199.981669267,19.907886505126953
200.031669268,20.059511184692383
200.081669269,20.20928955078125
200.131669269,20.35785484313965
200.18166927,20.50335121154785
200.231669271,20.645322799682617
200.281669272,20.783044815063477
200.331669272,20.919692993164062
200.381669273,21.05879020690918
200.431669274,21.19972801208496
200.481669275,21.214914321899414
200.531669275,21.185800552368164
200.581669276,21.302104949951172
200.631669277,21.51203155517578
200.681669278,21.699525833129883
200.731669278,21.87204360961914
200.781669279,22.03203582763672
200.83166928,22.182832717895508
200.881669281,22.326473236083984
200.931669281,22.465150833129883
200.981669282,22.599836349487305
201.031669283,22.73214340209961
201.081669284,22.862529754638672
201.131669284,22.990928649902344
201.181669285,23.1173152923584
201.231669286,23.242881774902344
201.281669287,23.368301391601562
201.331669287,23.493907928466797
201.381669288,23.61962890625
201.431669289,23.744888305664062
201.481669289,23.868701934814453
201.53166929,23.990840911865234
201.581669291,24.11097526550293
201.631669292,24.22957420349121
201.681669292,24.346548080444336
201.731669293,24.461505889892578
201.781669294,24.574169158935547
201.831669295,24.682018280029297
201.881669295,24.780925750732422
201.931669296,24.87482452392578
201.981669297,24.964616775512695
202.031669298,25.051210403442383
202.081669298,25.13399887084961
202.131669299,25.214073181152344
202.1816693,25.291194915771484
202.231669301,25.365976333618164
202.281669301,25.43721580505371
202.331669302,25.504928588867188
202.381669303,25.56888198852539
202.431669304,25.630062103271484
202.481669304,25.690202713012695
202.531669305,25.749692916870117
202.581669306,25.808692932128906
202.631669307,25.866134643554688
202.681669307,25.921106338500977
202.731669308,25.973033905029297
202.781669309,26.02264404296875
202.83166931,26.0707950592041
202.88166931,26.11789321899414
202.931669311,26.163923263549805
202.981669312,26.20751953125
203.031669313,26.245990753173828
203.081669313,26.27516746520996
203.131669314,26.2956485748291
203.181669315,26.308944702148438
203.231669316,26.316299438476562
203.281669316,26.3184871673584
203.331669317,26.316566467285156
203.381669318,26.309965133666992
203.431669319,26.301755905151367
203.481669319,26.29680824279785
203.53166932,26.295366287231445
203.581669321,26.298992156982422
203.631669322,26.308576583862305
203.681669322,26.321819305419922
203.731669323,26.336450576782227
203.781669324,26.35308837890625
203.831669325,26.3724422454834
203.881669325,26.391908645629883
203.931669326,26.407983779907227
203.981669327,26.418230056762695
204.031669327,26.418350219726562
204.081669328,26.41027069091797
204.131669329,26.39322853088379
204.18166933,26.372665405273438
204.23166933,26.352827072143555
204.281669331,26.330242156982422
204.331669332,26.30562400817871
204.381669333,26.28811264038086
204.431669333,26.275787353515625
204.481669334,26.267635345458984
204.531669335,26.26679801940918
204.581669336,26.272441864013672
204.631669336,26.28108787536621
204.681669337,26.292985916137695
204.731669338,26.308835983276367
204.781669339,26.32659339904785
204.831669339,26.34164047241211
204.88166934,26.354503631591797
204.931669341,26.3613338470459
204.981669342,26.35860252380371
205.031669342,26.352176666259766
205.081669343,26.344104766845703
205.131669344,26.333805084228516
205.181669345,26.322538375854492
205.231669345,26.313154220581055
205.281669346,26.306108474731445
205.331669347,26.300884246826172
205.381669348,26.298452377319336
205.431669348,26.3031063079834
205.481669349,26.315513610839844
205.53166935,26.331342697143555
205.581669351,26.34669303894043
205.631669351,26.36590576171875
205.681669352,26.388307571411133
205.731669353,26.40941047668457
205.781669354,26.425073623657227
205.831669354,26.435115814208984
205.881669355,26.438228607177734
205.931669356,26.43404197692871
205.981669357,26.423521041870117
206.031669357,26.40918731689453
206.081669358,26.392606735229492
206.131669359,26.370901107788086
206.18166936,26.344444274902344
206.23166936,26.32356834411621
206.281669361,26.307491302490234
206.331669362,26.30146598815918
206.381669363,26.305557250976562
206.431669363,26.317501068115234
206.481669364,26.336532592773438
206.531669365,26.360815048217773
206.581669365,26.386829376220703
206.631669366,26.411331176757812
206.681669367,26.431079864501953
206.731669368,26.441556930541992
206.781669368,26.441959381103516
206.831669369,26.432327270507812
206.88166937,26.417112350463867
206.931669371,26.399383544921875
206.981669371,26.383773803710938
207.031669372,26.371395111083984
207.081669373,26.362762451171875
207.131669374,26.361116409301758
207.181669374,26.36240005493164
207.231669375,26.36679458618164
207.281669376,26.37771987915039
207.331669377,26.395845413208008
207.381669377,26.41786003112793
207.431669378,26.43906593322754
207.481669379,26.457551956176758
207.53166938,26.470609664916992
207.58166938,26.47736167907715
207.631669381,26.477693557739258
207.681669382,26.469030380249023
207.731669383,26.454450607299805
207.781669383,26.434770584106445
207.831669384,26.412757873535156
207.881669385,26.397319793701172
207.931669386,26.390439987182617
207.981669386,26.390005111694336
208.031669387,26.395137786865234
208.081669388,26.404266357421875
208.131669389,26.41657829284668
208.181669389,26.431764602661133
208.23166939,26.448667526245117
208.281669391,26.463693618774414
208.331669392,26.4729061126709
208.381669392,26.47637367248535
208.431669393,26.47555923461914
208.481669394,26.47224998474121
208.531669395,26.468120574951172
208.581669395,26.46361541748047
208.631669396,26.458850860595703
208.681669397,26.456167221069336
208.731669398,26.458913803100586
208.781669398,26.46428680419922
208.831669399,26.469768524169922
208.8816694,26.471254348754883
208.931669401,26.4578914642334
208.981669401,26.411802291870117
209.031669402,26.311399459838867
209.081669403,26.157997131347656
209.131669403,25.96283531188965
209.181669404,25.746917724609375
209.231669405,25.516918182373047
209.281669406,25.26509666442871
209.331669406,24.980892181396484
209.381669407,24.65673065185547
209.431669408,24.306236267089844
209.481669409,23.9500789642334
209.531669409,23.608922958374023
209.58166941,23.270647048950195
209.631669411,22.942943572998047
209.681669412,22.631370544433594
209.731669412,22.324485778808594
209.781669413,22.015546798706055
209.831669414,21.72854995727539
209.881669415,21.55576515197754
209.931669415,21.4028263092041
209.981669416,20.984336853027344
210.031669417,20.594141006469727
210.081669418,20.231136322021484
210.131669418,19.92253875732422
210.181669419,19.653804779052734
210.23166942,19.401885986328125
210.281669421,19.15971565246582
210.331669421,18.904441833496094
210.381669422,18.660572052001953
210.431669423,18.400365829467773
210.481669424,18.123680114746094
210.531669424,17.82378387451172
210.581669425,17.487354278564453
210.631669426,17.17905044555664
210.681669427,16.97607421875
210.731669427,16.738706588745117
210.781669428,16.144609451293945
210.831669429,15.577973365783691
210.88166943,15.03697681427002
210.93166943,14.519770622253418
210.981669431,14.02108383178711
211.031669432,13.539213180541992
211.081669433,13.072367668151855
211.131669433,12.622756004333496
211.181669434,12.187976837158203
211.231669435,11.79442310333252
211.281669436,11.467288970947266
211.331669436,11.239828109741211
211.381669437,11.20236587524414
211.431669438,11.201034545898438
211.481669439,10.869598388671875
211.531669439,10.384574890136719
211.58166944,9.954858779907227
211.631669441,9.582925796508789
211.681669441,9.267436027526855
211.731669442,9.01047134399414
211.781669443,8.806979179382324
211.831669444,8.653472900390625
211.881669444,8.506392478942871
211.931669445,8.415828704833984
211.981669446,8.291352272033691
212.031669447,8.238945007324219
212.081669447,8.135456085205078
212.131669448,8.104405403137207
212.181669449,8.015531539916992
212.23166945,8.017358779907227
212.28166945,7.99739408493042
212.331669451,8.097769737243652
212.381669452,8.174543380737305
212.431669453,8.355374336242676
212.481669453,8.488676071166992
212.531669454,8.694662094116211
212.581669455,8.84693717956543
212.631669456,9.045482635498047
212.681669456,9.188915252685547
212.731669457,9.343579292297363
212.781669458,9.405926704406738
212.831669459,9.444416046142578
212.881669459,9.417464256286621
212.93166946,9.390059471130371
212.981669461,9.320612907409668
213.031669462,9.267691612243652
213.081669462,9.188203811645508
213.131669463,9.138137817382812
213.181669464,9.059072494506836
213.231669465,9.01590633392334
213.281669465,8.943048477172852
213.331669466,8.917564392089844
213.381669467,8.869916915893555
213.431669468,8.904695510864258
213.481669468,8.933281898498535
213.531669469,9.0298490524292
213.58166947,9.107139587402344
213.631669471,9.236318588256836
213.681669471,9.338262557983398
213.731669472,9.478912353515625
213.781669473,9.596198081970215
213.831669474,9.738935470581055
213.881669474,9.843483924865723
213.931669475,9.891266822814941
213.981669476,9.855371475219727
214.031669477,9.787284851074219
214.081669477,9.680084228515625
214.131669478,9.550296783447266
214.181669479,9.377032279968262
214.231669479,9.21042251586914
214.28166948,9.014869689941406
214.331669481,8.837081909179688
214.381669482,8.603678703308105
214.431669482,8.405712127685547
214.481669483,8.171072959899902
214.531669484,8.014235496520996
214.581669485,7.8441877365112305
214.631669485,7.819767951965332
214.681669486,7.765597820281982
214.731669487,7.7554030418396
214.781669488,7.592560291290283
214.831669488,7.470446586608887
214.881669489,7.230244159698486
214.93166949,7.075582981109619
214.981669491,6.81469202041626
215.031669491,6.7668633460998535
215.081669492,6.677455425262451
215.131669493,6.452648639678955
215.181669494,5.807723045349121
215.231669494,5.326766490936279
215.281669495,4.843329429626465
215.331669496,4.443276882171631
215.381669497,4.098859786987305
215.431669497,3.79831862449646
215.481669498,3.5332887172698975
215.531669499,3.300668954849243
215.5816695,3.096614122390747
215.6316695,2.968722105026245
215.681669501,2.9151484966278076
215.731669502,2.9598584175109863
215.781669503,3.0697457790374756
215.831669503,3.224000930786133
215.881669504,3.40495228767395
215.931669505,3.5983636379241943
215.981669506,3.7950315475463867
216.031669506,4.0015482902526855
216.081669507,4.210066318511963
216.131669508,4.445127964019775
216.181669509,4.660845756530762
216.231669509,4.889670372009277
216.28166951,5.107327461242676
216.331669511,5.307929515838623
216.381669512,5.094015598297119
216.431669512,5.226088523864746
216.481669513,5.641077041625977
216.531669514,6.0939555168151855
216.581669514,6.418166637420654
216.631669515,6.768775463104248
216.681669516,7.03158712387085
216.731669517,7.292792320251465
216.781669517,7.468330383300781
216.831669518,7.69832706451416
216.881669519,7.878390789031982
216.93166952,8.11582088470459
216.98166952,8.30893325805664
217.031669521,8.530719757080078
217.081669522,8.721785545349121
217.131669523,8.924866676330566
217.181669523,9.11015796661377
217.231669524,9.391127586364746
217.281669525,9.431544303894043
217.331669526,9.472951889038086
217.381669526,9.849215507507324
217.431669527,10.279495239257812
217.481669528,10.611971855163574
217.531669529,10.741308212280273
217.581669529,10.626859664916992
217.63166953,10.410443305969238
217.681669531,10.126256942749023
217.731669532,9.891860961914062
217.781669532,9.774003028869629
217.831669533,9.725320816040039
217.881669534,9.757323265075684
217.931669535,9.843852996826172
217.981669535,9.94944953918457
218.031669536,10.063457489013672
218.081669537,10.16164493560791
218.131669538,10.244695663452148
218.181669538,10.353325843811035
218.231669539,10.481100082397461
218.28166954,10.677319526672363
218.331669541,10.855642318725586
218.381669541,11.070314407348633
218.431669542,11.284481048583984
218.481669543,11.491456985473633
218.531669544,11.697709083557129
218.581669544,11.903512954711914
218.631669545,12.109716415405273
218.681669546,12.316522598266602
218.731669547,12.523749351501465
218.781669547,12.731141090393066
218.831669548,12.93857192993164
218.881669549,13.145906448364258
218.93166955,13.353045463562012
218.98166955,13.560251235961914
219.031669551,13.767507553100586
219.081669552,13.974719047546387
219.131669552,14.18192195892334
219.181669553,14.388693809509277
219.231669554,14.595708847045898
219.281669555,14.802563667297363
219.331669555,15.009204864501953
219.381669556,15.215694427490234
219.431669557,15.374780654907227
219.481669558,15.364062309265137
219.531669558,15.352065086364746
219.581669559,15.670856475830078
219.63166956,15.955239295959473
219.681669561,16.211181640625
219.731669561,16.445335388183594
219.781669562,16.662864685058594
219.831669563,16.867786407470703
219.881669564,17.063140869140625
219.931669564,17.25128746032715
219.981669565,17.43387794494629
220.031669566,17.61240577697754
220.081669567,17.78772735595703
220.131669567,17.960668563842773
220.181669568,18.13157844543457
220.231669569,18.30094337463379
220.28166957,18.469364166259766
220.33166957,18.636947631835938
220.381669571,18.803300857543945
220.431669572,18.96341323852539
220.481669573,19.112714767456055
220.531669573,19.25333023071289
220.581669574,19.387271881103516
220.631669575,19.51314926147461
220.681669576,19.622737884521484
220.731669576,19.716405868530273
220.781669577,19.795963287353516
220.831669578,19.862106323242188
220.881669579,19.91704559326172
220.931669579,19.966556549072266
220.98166958,20.016143798828125
221.031669581,20.06868553161621
221.081669582,20.1260986328125
221.131669582,20.187780380249023
221.181669583,20.254253387451172
221.231669584,20.323482513427734
221.281669585,20.394851684570312
221.331669585,20.46932601928711
221.381669586,20.5457820892334
221.431669587,20.625017166137695
221.481669588,20.70716094970703
221.531669588,20.790908813476562
221.581669589,20.87222671508789
221.63166959,20.936532974243164
221.68166959,20.899368286132812
221.731669591,20.698217391967773
221.78166959200001,20.395095825195312
221.831669593,20.030736923217773
221.881669593,19.623092651367188
221.931669594,19.186525344848633
221.981669595,18.73478126525879
222.031669596,18.266040802001953
222.081669596,17.802562713623047
222.131669597,17.43319320678711
222.181669598,17.151872634887695
222.231669599,16.785097122192383
222.281669599,16.16411018371582
222.3316696,15.623445510864258
222.381669601,15.239835739135742
222.431669602,14.957898139953613
222.481669602,14.681907653808594
222.531669603,14.3920316696167
222.581669604,14.145227432250977
222.631669605,13.978392601013184
222.681669605,13.797004699707031
222.731669606,13.63100814819336
222.781669607,13.453574180603027
222.831669608,13.289719581604004
222.881669608,13.208382606506348
222.931669609,13.210355758666992
222.98166961,13.278037071228027
223.031669611,13.392334938049316
223.081669611,13.52431583404541
223.131669612,13.67126750946045
223.181669613,13.821807861328125
223.231669614,13.946120262145996
223.281669614,14.017232894897461
223.331669615,14.030010223388672
223.381669616,13.994977951049805
223.431669617,13.927935600280762
223.481669617,13.83655834197998
223.531669618,13.730177879333496
223.581669619,13.616655349731445
223.63166962,13.499388694763184
223.68166962,13.380084037780762
223.731669621,13.260104179382324
223.781669622,13.13298225402832
223.831669623,12.961590766906738
223.881669623,12.736651420593262
223.931669624,12.469066619873047
223.981669625,12.217567443847656
224.031669626,12.06611442565918
224.081669626,11.92848014831543
224.131669627,11.319358825683594
224.181669628,10.748390197753906
224.231669628,10.226648330688477
224.281669629,9.763144493103027
224.33166963,9.347368240356445
224.381669631,8.985769271850586
224.431669631,8.65903091430664
224.481669632,8.392765998840332
224.531669633,8.161712646484375
224.581669634,8.026164054870605
224.631669634,7.859088897705078
224.681669635,7.803772926330566
224.731669636,7.711190700531006
224.781669637,7.723547458648682
224.831669637,7.664631366729736
224.881669638,7.698802947998047
224.931669639,7.665346145629883
224.98166964,7.72398567199707
225.03166964,7.70576810836792
225.081669641,7.7687296867370605
225.131669642,7.748528003692627
225.181669643,7.808013439178467
225.231669643,7.788769245147705
225.281669644,7.8460612297058105
225.331669645,7.822139739990234
225.381669646,7.870749473571777
225.431669646,7.838611125946045
225.481669647,7.875865459442139
225.531669648,7.830938339233398
225.581669649,7.8565473556518555
225.631669649,7.800159931182861
225.68166965,7.817251205444336
225.731669651,7.757787227630615
225.781669652,7.775832176208496
225.831669652,7.720584869384766
225.881669653,7.750528812408447
225.931669654,7.705075263977051
225.981669655,7.7429046630859375
226.031669655,7.700512409210205
226.081669656,7.737069606781006
226.131669657,7.69511604309082
226.181669658,7.73638391494751
226.231669658,7.703804969787598
226.281669659,7.7537031173706055
226.33166966,7.7160563468933105
226.381669661,7.752340316772461
226.431669661,7.706420421600342
226.481669662,7.737586975097656
226.531669663,7.689864158630371
226.581669664,7.725884437561035
226.631669664,7.687646389007568
226.681669665,7.735084533691406
226.731669666,7.706990718841553
226.781669666,7.758693218231201
226.831669667,7.73016881942749
226.881669668,7.785770893096924
226.931669669,7.780799865722656
226.981669669,7.873597145080566
227.03166967,7.8874077796936035
227.081669671,7.9734392166137695
227.131669672,7.986665725708008
227.181669672,8.042794227600098
227.231669673,8.012248039245605
227.281669674,8.032919883728027
227.331669675,7.9726738929748535
227.381669675,7.969710350036621
227.431669676,7.869555473327637
227.481669677,7.8272294998168945
227.531669678,7.704583168029785
227.581669678,7.659606456756592
227.631669679,7.569025039672852
227.68166968,7.598825454711914
227.731669681,7.592530250549316
227.781669681,7.7109150886535645
227.831669682,7.787062168121338
227.881669683,7.968362331390381
227.931669684,8.064949035644531
227.981669684,8.216781616210938
228.031669685,8.325605392456055
228.081669686,8.514302253723145
228.131669687,8.628527641296387
228.181669687,8.782339096069336
228.231669688,8.869572639465332
228.281669689,8.973328590393066
228.33166969,9.00872802734375
228.38166969,9.064329147338867
228.431669691,9.072724342346191
228.481669692,9.102910041809082
228.531669693,9.090021133422852
228.581669693,9.098345756530762
228.631669694,9.07291316986084
228.681669695,9.06120491027832
228.731669696,9.018461227416992
228.781669696,8.998847961425781
228.831669697,8.948299407958984
228.881669698,8.929800987243652
228.931669699,8.87983226776123
228.981669699,8.86337661743164
229.0316697,8.813349723815918
229.081669701,8.789274215698242
229.131669702,8.743467330932617
229.181669702,8.732826232910156
229.231669703,8.688783645629883
229.281669704,8.685872077941895
229.331669704,8.634358406066895
229.381669705,8.633907318115234
229.431669706,8.588944435119629
229.481669707,8.591245651245117
229.531669707,8.545888900756836
229.581669708,8.55344009399414
229.631669709,8.514812469482422
229.68166971,8.522048950195312
229.73166971,8.48306655883789
229.781669711,8.496408462524414
229.831669712,8.453487396240234
229.881669713,8.471139907836914
229.931669713,8.43432331085205
229.981669714,8.442068099975586
230.031669715,8.39668083190918
230.081669716,8.411972999572754
230.131669716,8.374273300170898
230.181669717,8.394977569580078
230.231669718,8.358691215515137
230.281669719,8.381012916564941
230.331669719,8.350248336791992
230.38166972,8.377161979675293
230.431669721,8.3384428024292
230.481669722,8.351181983947754
230.531669722,8.302597999572754
230.581669723,8.310016632080078
230.631669724,8.263410568237305
230.681669725,8.280311584472656
230.731669725,8.244964599609375
230.781669726,8.294580459594727
230.831669727,8.30228328704834
230.881669728,8.373631477355957
230.931669728,8.38282299041748
230.981669729,8.437479019165039
231.03166973,8.433855056762695
231.081669731,8.481271743774414
231.131669731,8.474732398986816
231.181669732,8.527992248535156
231.231669733,8.529632568359375
231.281669734,8.577791213989258
231.331669734,8.581962585449219
231.381669735,8.626818656921387
231.431669736,8.637734413146973
231.481669737,8.734758377075195
231.531669737,8.81983470916748
231.581669738,8.935511589050293
231.631669739,9.003759384155273
231.68166974,9.09453296661377
231.73166974,9.155850410461426
231.781669741,9.26000690460205
231.831669742,9.320780754089355
231.881669742,9.367431640625
231.931669743,9.378504753112793
231.981669744,9.396736145019531
232.031669745,9.386813163757324
232.081669745,9.370952606201172
232.131669746,9.33194351196289
232.181669747,9.295561790466309
232.231669748,9.241606712341309
232.281669748,9.213741302490234
232.331669749,9.175834655761719
232.38166975,9.159466743469238
232.431669751,9.12187385559082
232.481669751,9.095785140991211
232.531669752,9.044937133789062
232.581669753,9.015093803405762
232.631669754,8.963395118713379
232.681669754,8.947471618652344
232.731669755,8.903529167175293
232.781669756,8.896058082580566
232.831669757,8.86279582977295
232.881669757,8.848474502563477
232.931669758,8.801098823547363
232.981669759,8.785825729370117
233.03166976,8.743302345275879
233.08166976,8.734612464904785
233.131669761,8.70090389251709
233.181669762,8.703733444213867
233.231669763,8.68262767791748
233.281669763,8.714139938354492
233.331669764,8.744840621948242
233.381669765,8.807024955749512
233.431669766,8.83013916015625
233.481669766,8.883367538452148
233.531669767,8.911097526550293
233.581669768,9.00624942779541
233.631669769,9.097071647644043
233.681669769,9.204506874084473
233.73166977,9.288468360900879
233.781669771,9.320660591125488
233.831669772,9.214437484741211
233.881669772,9.08877944946289
233.931669773,8.947548866271973
233.981669774,8.861512184143066
234.031669775,8.834160804748535
234.081669775,8.896611213684082
234.131669776,8.985211372375488
234.181669777,9.147290229797363
234.231669778,9.305142402648926
234.281669778,9.504608154296875
234.331669779,9.692980766296387
234.38166978,9.906789779663086
234.43166978,10.116534233093262
234.481669781,10.270305633544922
234.531669782,10.271780967712402
234.581669783,10.247872352600098
234.631669783,10.674960136413574
234.681669784,11.046889305114746
234.731669785,11.372919082641602
234.781669786,11.670211791992188
234.831669786,11.95064640045166
234.881669787,12.193103790283203
234.931669788,12.447219848632812
234.981669789,12.666254043579102
235.031669789,12.89560317993164
235.08166979,13.100677490234375
235.131669791,13.290265083312988
235.181669792,13.486395835876465
235.231669792,13.67080020904541
235.281669793,13.88241195678711
235.331669794,14.066609382629395
235.381669795,14.225963592529297
235.431669795,14.400672912597656
235.481669796,14.557018280029297
235.531669797,14.76219367980957
235.581669798,14.965392112731934
235.631669798,15.173201560974121
235.681669799,15.243990898132324
235.7316698,15.227725982666016
235.781669801,15.349906921386719
235.831669801,15.659590721130371
235.881669802,15.932369232177734
235.931669803,16.17939567565918
235.981669804,16.40414810180664
236.031669804,16.613271713256836
236.081669805,16.80894660949707
236.131669806,16.995079040527344
236.181669807,17.172353744506836
236.231669807,17.347654342651367
236.281669808,17.519485473632812
236.331669809,17.688434600830078
236.38166981,17.855566024780273
236.43166981,18.02200698852539
236.481669811,18.186809539794922
236.531669812,18.350311279296875
236.581669813,18.513275146484375
236.631669813,18.67625617980957
236.681669814,18.839359283447266
236.731669815,19.00236701965332
236.781669816,19.16543197631836
236.831669816,19.32880401611328
236.881669817,19.4920711517334
236.931669818,19.65555191040039
236.981669818,19.819049835205078
237.031669819,19.982666015625
237.08166982,20.146190643310547
237.131669821,20.30967140197754
237.181669821,20.47298812866211
237.231669822,20.636072158813477
237.281669823,20.798818588256836
237.331669824,20.96112060546875
237.381669824,21.093751907348633
237.431669825,21.074167251586914
237.481669826,21.053035736083984
237.531669827,21.27377700805664
237.581669827,21.475055694580078
237.631669828,21.657106399536133
237.681669829,21.821117401123047
237.73166983,21.971023559570312
237.78166983,22.112974166870117
237.831669831,22.249876022338867
237.881669832,22.383272171020508
237.931669833,22.513887405395508
237.981669833,22.643291473388672
238.031669834,22.772384643554688
238.081669835,22.901315689086914
238.131669836,23.026071548461914
238.181669836,23.13861083984375
238.231669837,23.240440368652344
238.281669838,23.301820755004883
238.331669839,23.24380111694336
238.381669839,23.050209045410156
238.43166984,22.75395393371582
238.481669841,22.41744613647461
238.531669842,22.064090728759766
238.581669842,21.73565673828125
238.631669843,21.45286750793457
238.681669844,21.23719596862793
238.731669845,21.160131454467773
238.781669845,21.07907485961914
238.831669846,20.705047607421875
238.881669847,20.36159324645996
238.931669848,20.041545867919922
238.981669848,19.740604400634766
239.031669849,19.462202072143555
239.08166985,19.185575485229492
239.131669851,18.907081604003906
239.181669851,18.64592742919922
239.231669852,18.40917205810547
239.281669853,18.194988250732422
239.331669854,17.984167098999023
239.381669854,17.78133773803711
239.431669855,17.583086013793945
239.481669856,17.38340187072754
239.531669856,17.178062438964844
239.581669857,16.976099014282227
239.631669858,16.8502197265625
239.681669859,16.819900512695312
239.731669859,16.71117401123047
239.78166986,16.308340072631836
239.831669861,15.941033363342285
239.881669862,15.596574783325195
239.931669862,15.27628231048584
239.981669863,14.97896671295166
240.031669864,14.683267593383789
240.081669865,14.370811462402344
240.131669865,14.062811851501465
240.181669866,13.75281810760498
240.231669867,13.430787086486816
240.281669868,13.10366439819336
240.331669868,12.777091979980469
240.381669869,12.665924072265625
240.43166987,12.532402992248535
240.481669871,12.01216983795166
240.531669871,11.469082832336426
240.581669872,10.99642562866211
240.631669873,10.567240715026855
240.681669874,10.179701805114746
240.731669874,9.833009719848633
240.781669875,9.526516914367676
240.831669876,9.26163101196289
240.881669877,9.041059494018555
240.931669877,8.866292953491211
240.981669878,8.720293045043945
241.031669879,8.601310729980469
241.08166988,8.486194610595703
241.13166988,8.413990020751953
241.181669881,8.306962013244629
241.231669882,8.265214920043945
241.281669883,8.169779777526855
241.331669883,8.14281177520752
241.381669884,8.051102638244629
241.431669885,8.029558181762695
241.481669886,7.95164155960083
241.531669886,7.982684135437012
241.581669887,7.99690580368042
241.631669888,8.13549518585205
241.681669889,8.237542152404785
241.731669889,8.42116928100586
241.78166989,8.541732788085938
241.831669891,8.722484588623047
241.881669891,8.84330940246582
241.931669892,8.993143081665039
241.981669893,9.056164741516113
242.031669894,9.110087394714355
242.081669894,9.088701248168945
242.131669895,9.079090118408203
242.181669896,9.013579368591309
242.231669897,8.973154067993164
242.281669897,8.888423919677734
242.331669898,8.840597152709961
242.381669899,8.752422332763672
242.4316699,8.71480655670166
242.4816699,8.639740943908691
242.531669901,8.6172456741333
242.581669902,8.545287132263184
242.631669903,8.523361206054688
242.681669903,8.448927879333496
242.731669904,8.437535285949707
242.781669905,8.390984535217285
242.831669906,8.437366485595703
242.881669906,8.467169761657715
242.931669907,8.595987319946289
242.981669908,8.696407318115234
243.031669909,8.866227149963379
243.081669909,8.996743202209473
243.13166991,9.1785888671875
243.181669911,9.325919151306152
243.231669912,9.509908676147461
243.281669912,9.648065567016602
243.331669913,9.734780311584473
243.381669914,9.710877418518066
243.431669915,9.648612022399902
243.481669915,9.543882369995117
243.531669916,9.439362525939941
243.581669917,9.30907917022705
243.631669918,9.18159008026123
243.681669918,9.018540382385254
243.731669919,8.916086196899414
243.78166992,8.845762252807617
243.831669921,8.868953704833984
243.881669921,8.843873977661133
243.931669922,8.888355255126953
243.981669923,8.933979988098145
244.031669924,9.05004596710205
244.081669924,9.075398445129395
244.131669925,9.017960548400879
244.181669926,8.827524185180664
244.231669927,8.637200355529785
244.281669927,8.359245300292969
244.331669928,8.104299545288086
244.381669929,7.7742204666137695
244.431669929,7.525874614715576
244.48166993,7.195237159729004
244.531669931,6.979935646057129
244.581669932,6.710275173187256
244.631669932,6.579378604888916
244.681669933,6.397399425506592
244.731669934,6.38897705078125
244.781669935,6.331740856170654
244.831669935,6.449138164520264
244.881669936,6.494298934936523
244.931669937,6.718562602996826
244.981669938,6.869295597076416
245.031669938,7.157649517059326
245.081669939,7.323594093322754
245.13166994,7.6007981300354
245.181669941,7.746436595916748
245.231669941,8.010702133178711
245.281669942,8.146105766296387
245.331669943,8.377405166625977
245.381669944,8.501219749450684
245.431669944,8.704140663146973
245.481669945,8.823494911193848
245.531669946,9.006524085998535
245.581669947,9.190896034240723
245.631669947,9.330641746520996
245.681669948,9.3772554397583
245.731669949,9.23869800567627
245.78166995,9.217450141906738
245.83166995,9.610408782958984
245.881669951,9.98531436920166
245.931669952,10.340299606323242
245.981669953,10.644010543823242
246.031669953,10.909374237060547
246.081669954,11.16809368133545
246.131669955,11.43978214263916
246.181669956,11.701537132263184
246.231669956,11.957558631896973
246.281669957,12.204626083374023
246.331669958,12.438264846801758
246.381669959,12.663045883178711
246.431669959,12.883971214294434
246.48166996,13.102449417114258
246.531669961,13.318358421325684
246.581669962,13.533413887023926
246.631669962,13.7471342086792
246.681669963,13.959169387817383
246.731669964,14.169088363647461
246.781669965,14.378385543823242
246.831669965,14.586885452270508
246.881669966,14.795022964477539
246.931669967,15.002554893493652
246.981669967,15.2099027633667
247.031669968,15.369529724121094
247.081669969,15.358522415161133
247.13166997,15.346363067626953
247.18166997,15.665766716003418
247.231669971,15.950675010681152
247.281669972,16.206995010375977
247.331669973,16.441499710083008
247.381669973,16.659317016601562
247.431669974,16.864416122436523
247.481669975,17.059946060180664
247.531669976,17.248170852661133
247.581669976,17.430908203125
247.631669977,17.609468460083008
247.681669978,17.784879684448242
247.731669979,17.957881927490234
247.781669979,18.128999710083008
247.83166998,18.29871940612793
247.881669981,18.46731185913086
247.931669982,18.6350040435791
247.981669982,18.801958084106445
248.031669983,18.968326568603516
248.081669984,19.134178161621094
248.131669985,19.299562454223633
248.181669985,19.464563369750977
248.231669986,19.629213333129883
248.281669987,19.793537139892578
248.331669988,19.957565307617188
248.381669988,20.121318817138672
248.431669989,20.284791946411133
248.48166999,20.448015213012695
248.531669991,20.611000061035156
248.581669991,20.773738861083984
248.631669992,20.936235427856445
248.681669993,21.069984436035156
248.731669994,21.05155372619629
248.781669994,21.032350540161133
248.831669995,21.25957679748535
248.881669996,21.469139099121094
248.931669997,21.65798568725586
248.981669997,21.83138084411621
249.031669998,21.993274688720703
249.081669999,22.1466121673584
249.13167,22.293577194213867
249.18167,22.43578338623047
249.231670001,22.57440948486328
249.281670002,22.710329055786133
249.331670003,22.84412384033203
249.381670003,22.97623062133789
249.431670004,23.10690689086914
249.481670005,23.236364364624023
249.531670005,23.364723205566406
249.581670006,23.491958618164062
249.631670007,23.618053436279297
249.681670008,23.742938995361328
249.731670008,23.8664608001709
249.781670009,23.9883975982666
249.83167001,24.108470916748047
249.881670011,24.22612953186035
249.931670011,24.34011459350586
249.981670012,24.45005226135254
250.031670013,24.555700302124023
250.081670014,24.65571403503418
250.131670014,24.751813888549805
250.181670015,24.845430374145508
250.231670016,24.937538146972656
250.281670017,25.028501510620117
250.331670017,25.118240356445312
250.381670018,25.206422805786133
250.431670019,25.292789459228516
250.48167002,25.37724494934082
250.53167002,25.459630966186523
250.581670021,25.53972053527832
250.631670022,25.617473602294922
250.681670023,25.69271469116211
250.731670023,25.765169143676758
250.781670024,25.834781646728516
250.831670025,25.901790618896484
250.881670026,25.96617889404297
250.931670026,26.026996612548828
250.981670027,26.084117889404297
251.031670028,26.137479782104492
251.081670029,26.18853759765625
251.131670029,26.23641014099121
251.18167003,26.279159545898438
251.231670031,26.314943313598633
251.281670032,26.33976936340332
251.331670032,26.365825653076172
251.381670033,26.392154693603516
251.431670034,26.419260025024414
251.481670035,26.44210433959961
251.531670035,26.457538604736328
251.581670036,26.468643188476562
251.631670037,26.47536277770996
251.681670038,26.480695724487305
251.731670038,26.488262176513672
251.781670039,26.494245529174805
251.83167004,26.495492935180664
251.881670041,26.4955997467041
251.931670041,26.498517990112305
251.981670042,26.499530792236328
252.031670043,26.495159149169922
252.081670043,26.490840911865234
252.131670044,26.491146087646484
252.181670045,26.491579055786133
252.231670046,26.488630294799805
252.281670046,26.48642349243164
252.331670047,26.48573112487793
252.381670048,26.48421287536621
252.431670049,26.486013412475586
252.481670049,26.487091064453125
252.53167005,26.486440658569336
252.581670051,26.48474884033203
252.631670052,26.480741500854492
252.681670052,26.4812068939209
252.731670053,26.482542037963867
252.781670054,26.481172561645508
252.831670055,26.478052139282227
252.881670055,26.47617530822754
252.931670056,26.47879981994629
252.981670057,26.48429298400879
253.031670058,26.48774528503418
253.081670058,26.486391067504883
253.131670059,26.48543357849121
253.18167006,26.487316131591797
253.231670061,26.48934555053711
253.281670061,26.489652633666992
253.331670062,26.488340377807617
253.381670063,26.483715057373047
253.431670064,26.484970092773438
253.481670064,26.488706588745117
253.531670065,26.489906311035156
253.581670066,26.488847732543945
253.631670067,26.4858341217041
253.681670067,26.483829498291016
253.731670068,26.486085891723633
253.781670069,26.490873336791992
253.83167007,26.493520736694336
253.88167007,26.491363525390625
253.931670071,26.48757553100586
253.98167007200001,26.484216690063477
254.031670073,26.485584259033203
254.081670073,26.48615264892578
254.131670074,26.483064651489258
254.181670075,26.481470108032227
254.231670076,26.483983993530273
254.281670076,26.488252639770508
254.331670077,26.491601943969727
254.381670078,26.49442481994629
254.431670079,26.499961853027344
254.481670079,26.50300407409668
254.53167008,26.500452041625977
254.581670081,26.495267868041992
254.631670081,26.4907169342041
254.681670082,26.491052627563477
254.731670083,26.494285583496094
254.781670084,26.49842071533203
254.831670084,26.500595092773438
254.881670085,26.49890899658203
254.931670086,26.496623992919922
254.981670087,26.497587203979492
255.031670087,26.50076675415039
255.081670088,26.502803802490234
255.131670089,26.500530242919922
255.18167009,26.49574851989746
255.23167009,26.48945426940918
255.281670091,26.484355926513672
255.331670092,26.484477996826172
255.381670093,26.48798942565918
255.431670093,26.4898738861084
255.481670094,26.487281799316406
255.531670095,26.486120223999023
255.581670096,26.48500633239746
255.631670096,26.48060417175293
255.681670097,26.478843688964844
255.731670098,26.476716995239258
255.781670099,26.4736385345459
255.831670099,26.472068786621094
255.8816701,26.475482940673828
255.931670101,26.480619430541992
255.981670102,26.484106063842773
256.031670102,26.484201431274414
256.081670103,26.484222412109375
256.131670104,26.488237380981445
256.181670105,26.494300842285156
256.231670105,26.497650146484375
256.281670106,26.495803833007812
256.331670107,26.494768142700195
256.381670108,26.494428634643555
256.431670108,26.49281120300293
256.481670109,26.49382781982422
256.53167011,26.495311737060547
256.581670111,26.495479583740234
256.631670111,26.49509620666504
256.681670112,26.498262405395508
256.731670113,26.500625610351562
256.781670114,26.498979568481445
256.831670114,26.497032165527344
256.881670115,26.49890899658203
256.931670116,26.499303817749023
256.981670117,26.494985580444336
257.031670117,26.488739013671875
257.081670118,26.483654022216797
257.131670119,26.483938217163086
257.181670119,26.48761749267578
257.23167012,26.489633560180664
257.281670121,26.486528396606445
257.331670122,26.483793258666992
257.381670122,26.484046936035156
257.431670123,26.483680725097656
257.481670124,26.483707427978516
257.531670125,26.487197875976562
257.581670125,26.48924446105957
257.631670126,26.486234664916992
257.681670127,26.483736038208008
257.731670128,26.48543357849121
257.781670128,26.489933013916016
257.831670129,26.49241828918457
257.88167013,26.48958396911621
257.931670131,26.484962463378906
257.981670131,26.479671478271484
258.031670132,26.47624397277832
258.081670133,26.4777889251709
258.131670134,26.482803344726562
258.181670134,26.486122131347656
258.231670135,26.48475456237793
258.281670136,26.482316970825195
258.331670137,26.480915069580078
258.381670137,26.484006881713867
258.431670138,26.485980987548828
258.481670139,26.483396530151367
258.53167014,26.48138427734375
258.58167014,26.483531951904297
258.631670141,26.487852096557617
258.681670142,26.490787506103516
258.731670143,26.490697860717773
258.781670143,26.488887786865234
258.831670144,26.48534393310547
258.881670145,26.481287002563477
258.931670146,26.479368209838867
258.981670146,26.481687545776367
259.031670147,26.48687171936035
259.081670148,26.490015029907227
259.131670149,26.487751007080078
259.181670149,26.481277465820312
259.23167015,26.4725341796875
259.281670151,26.469886779785156
259.331670152,26.472124099731445
259.381670152,26.47762107849121
259.431670153,26.484851837158203
259.481670154,26.48954963684082
259.531670155,26.489070892333984
259.581670155,26.48613166809082
259.631670156,26.481779098510742
259.681670157,26.47658920288086
259.731670157,26.466461181640625
259.781670158,26.451902389526367
259.831670159,26.445575714111328
259.88167016,26.445253372192383
259.93167016,26.449159622192383
259.981670161,26.456480026245117
260.031670162,26.46601676940918
260.081670163,26.47577667236328
260.131670163,26.484493255615234
260.181670164,26.48991584777832
260.231670165,26.488922119140625
260.281670166,26.483421325683594
260.331670166,26.475500106811523
260.381670167,26.467166900634766
260.431670168,26.45934295654297
260.481670169,26.451526641845703
260.531670169,26.44414710998535
260.58167017,26.435977935791016
260.631670171,26.427181243896484
260.681670172,26.42462158203125
260.731670172,26.42739486694336
260.781670173,26.43531036376953
260.831670174,26.44637680053711
260.881670175,26.45956802368164
260.931670175,26.47298240661621
260.981670176,26.481828689575195
261.031670177,26.483604431152344
261.081670178,26.4807186126709
261.131670178,26.474946975708008
261.181670179,26.467849731445312
261.23167018,26.46072006225586
261.281670181,26.45421600341797
261.331670181,26.450847625732422
261.381670182,26.453813552856445
261.431670183,26.460908889770508
261.481670184,26.466995239257812
261.531670184,1.349130392074585
